13
00000000011111111111000000000
00000001111111111111110000000
00000111111111111111111100000
00001111111000000011111110000
00011111100000000000111111000
00111111000000000000011111100
00111110000000000000001111100
01111110000000000000000111110
01111100000000000000000111110
11111100000000000000000111111
11111100000000000000000111111
11111100000000000000000111111
11111100000000000000000111111
11111000000000000000000111111
11111100000000000000000011111
11111000000000000000000111111
11111000000000000000000111111
11111100000000000000000011111
11111100000000000000000111111
11111100000000000000000111111
01111100000000000000000111110
01111110000000000000001111110
01111110000000000000001111110
00111111000000000000011111100
00011111100000000000111111000
00001111111000000011111110000
00000111111111111111111100000
00000001111111111111111000000
00000000011111111110000000000
00000000001111111110000000000
00000001111111111111110000000
00000011111111111111111100000
00000111111111011111111110000
00011111111000000000111111000
00011111100000000000011111100
00111111000000000000001111110
00111110000000000000000111110
01111100000000000000000111111
01111100000000000000000011111
11111100000000000000000111111
11111000000000000000000011111
11111000000000000000000011111
11111000000000000000000111111
11111000000000000000000011111
11111000000000000000000011111
11111000000000000000000011111
11111000000000000000000111111
11111100000000000000000111110
01111100000000000000000111110
01111100000000000000001111110
01111110000000000000001111110
00111110000000000000011111100
00111111000000000000111111000
00011111110000000001111111000
00001111111111011111111110000
00000111111111111111111100000
00000001111111111111110000000
00000000011111111110000000000
00000000011111111111000000000
00000001111111111111110000000
00000111110000000001111100000
00001111000000000000011110000
00011110000000000000001111000
00111100000000000000000111100
01111000000000000000000011110
01110000000000000000000011110
11110000000000000000000001111
11110000000000000000000001111
11100000000000000000000000111
11100000000000000000000000111
11100000000000000000000000111
11100000000000000000000000111
11100000000000000000000000111
11100000000000000000000000111
11100000000000000000000000111
11100000000000000000000000111
11100000000000000000000000111
11110000000000000000000001111
11110000000000000000000001111
01110000000000000000000001110
00111000000000000000000011110
00111100000000000000000111100
00011110000000000000001111000
00001111000000000000011110000
00000111110000000001111100000
00000001111111111111110000000
00000000011111111111000000000
00000000001111111110000000000
00000001111111111111110000000
00000011111000000011111000000
00001111110000000001111110000
00011111100000000000111110000
00011111000000000000011111000
00111111000000000000011111100
00111110000000000000001111110
01111110000000000000001111110
01111110000000000000001111110
11111100000000000000000111111
11111110000000000000001111111
11111100000000000000000111111
11111100000000000000000111111
11111100000000000000000111111
11111100000000000000000111111
11111100000000000000000111111
11111100000000000000000111111
11111110000000000000001111111
01111110000000000000001111110
01111110000000000000001111110
01111110000000000000001111110
00111111000000000000011111100
00111111000000000000011111000
00011111100000000000111111000
00001111110000000001111110000
00000011111000000011111100000
00000001111111111111100000000
00000000010111111110000000000
00000000001111111110000000000
00000001111111111111110000000
00000111110000000101111100000
00001111100000000000011110000
00011110000000000000001111000
00111100000000000000000111100
01111000000000000000000011110
01111000000000000000000011110
11110000000000000000000001111
11110000000000000000000001111
11110000000000000000000001111
11100000000000000000000000111
11100000000000000000000001111
11110000000000000000000000111
11100000000000000000000001111
11100000000000000000000000111
11100000000000000000000000111
11100000000000000000000000111
11110000000000000000000001111
11110000000000000000000001111
11110000000000000000000001110
01111000000000000000000011110
00111000000000000000000011110
00111100000000000000000111100
00011110000000000000001111000
00001111000000000000011110000
00000111111000000011111100000
00000001111111111111110000000
00000000011111111110000000000
00000000111111111110100000000
00000111111111111111111100000
00011111111111111111111111000
00111111111111111111111111100
01111111111110011111111111110
01111111111100000111111111110
11111111111100000111111111111
11111111111100000111111111111
11111111111100000111111111111
11111111111100000111111111111
11111111111100000111111111111
11111111111100000111111111111
11111111111100000111111111111
11111111111100000111111111111
11111111111100000111111111111
11111111111100000111111111111
11111111111100000111111111111
11111111111100000111111111111
11111111111100000111111111111
11111111111100000111111111111
11111111111100000111111111111
11111111111100000111111111111
11111111111100000111111111111
01111111111100000111111111110
01111111111110011111111111110
00111111111111111111111111100
00011111111111111111111111000
00000111111111111111111100000
00000000111011111111010000000
00000000001111111110000000000
00000001111111111111110000000
00000011111111111111111000000
00001111111000000011111110000
00011111100000000000111110000
00011111000000000000011111000
00111111000000000000011111100
01111110000000000000001111110
01111110000000000000001111110
01111100000000000000001111111
11111110000000000000000111110
11111100000000000000000111111
11111100000000000000000111111
11111100000000000000000111111
11111100000000000000000111111
11111100000000000000000111111
11111100000000000000000111111
11111100000000000000000111111
11111110000000000000001111111
01111110000000000000001111110
01111110000000000000001111110
01111110000000000000001111110
00111111000000000000011111100
00011111000000000000011111000
00011111100000000000111110000
00001111111000000011111110000
00000011111111111111111000000
00000001111111111111110000000
00000000010111111110000000000
00000000001111111110000000000
00000001111111111111110000000
00000011111111111111111000000
00001111111000000011111100000
00011111100000000000111111000
00011111000000000000011111000
00111111000000000000011111100
00111110000000000000001111110
01111110000000000000000111110
01111100000000000000001111110
11111100000000000000000111111
11111100000000000000000111111
11111100000000000000000111111
11111100000000000000000111111
11111100000000000000000111111
11111100000000000000000111111
11111100000000000000000111111
11111100000000000000000111111
11111100000000000000000111111
01111110000000000000001111110
01111110000000000000001111110
01111110000000000000001111110
00111111000000000000011111100
00011111000000000000011111000
00001111100000000000111110000
00001111111000000011111110000
00000011111111111111111000000
00000000111111111111110000000
00000000001111111110000000000
00000000001111111111000000000
00000001111100011111111000000
00000111110000000001111110000
00001111000000000000111111000
00011110000000000000011111100
00111110000000000000001111110
00111110000000000000001111110
01111100000000000000000111110
01111100000000000000000111111
11111100000000000000000111111
11111100000000000000000111111
11111100000000000000000111111
11111100000000000000000111111
11111100000000000000000011111
11111000000000000000000111111
11111100000000000000000111111
11111100000000000000000111111
11111100000000000000000011111
11111100000000000000000111111
11111100000000000000000111110
11111100000000000000000111110
01111110000000000000000111110
01111110000000000000001111100
00111110000000000000001111100
00111111000000000000011111000
00001111100000000000011110000
00000111110000000001111100000
00000011111111010111100000000
00000000101111111110000000000
00000000011111111111000000000
00000011111111111111111000000
00000111111111111111111100000
00001111111000000011111110000
00011111100000000000111111000
00111111000000000000011111100
00111111000000000000011111100
01111110000000000000001111110
01111110000000000000001111110
11111110000000000000001111111
11111100000000000000000111111
11111110000000000000001111111
11111100000000000000000111111
11111100000000000000000111111
11111100000000000000000111111
11111100000000000000000111111
11111100000000000000000111111
11111100000000000000000111111
11111110000000000000001111111
01111100000000000000001111110
01111110000000000000001111110
01111110000000000000001111110
01111111000000000000011111110
00111111000000000000011111100
00011111100000000000111111000
00011111111100000111111110000
00001111111111111111111100000
00000001111111111111111000000
00000000011111111110000000000
00000000000111111110000000000
00000000111110010111100000000
00000001111000000011111000000
00000111110000000000111100000
00001111100000000000111110000
00011111000000000000011111000
00111111000000000000001111100
00111111000000000000001111100
01111110000000000000001111110
01111110000000000000001111110
11111110000000000000001111111
11111110000000000000000111111
11111110000000000000001111111
11111100000000000000000111111
11111100000000000000000111111
11111110000000000000001111111
11111110000000000000000111111
11111100000000000000001111111
11111110000000000000001111111
01111110000000000000001111110
01111110000000000000001111110
00111110000000000000001111100
00111111000000000000011111100
00011111000000000000011111000
00001111100000000000111110000
00000111100000000000111100000
00000011110000000011111000000
00000000111101000111100000000
00000000001111111100000000000
00000000001111111111000000000
00000001111111111111111000000
00000011111111111111111100000
00001111111110100111111111000
00011111110000000000111111100
00111111100000000000011111100
00111111000000000000011111110
01111110000000000000001111110
01111110000000000000001111111
11111100000000000000000111110
11111110000000000000000111111
11111100000000000000000111111
11111100000000000000000111111
11111100000000000000000111111
11111100000000000000000111111
11111100000000000000000111111
11111100000000000000000111111
11111100000000000000000111111
11111110000000000000001111111
01111110000000000000001111110
01111110000000000000001111110
01111110000000000000001111110
01111111000000000000011111100
00111111100000000000011111100
00111111110000000001111111000
00001111111110000111111110000
00000111111111111111111100000
00000011111111111111110000000
00000000011111111110000000000
00000000011111111111000000000
00000011111111111111111000000
00000111111111111111111110000
00001111111000000011111110000
00011111100000000000111111100
00111111000000000000011111100
01111110000000000000001111100
01111110000000000000001111110
01111100000000000000000111110
11111100000000000000000111111
11111100000000000000000111111
11111100000000000000000111111
11111000000000000000000011111
11111100000000000000000111111
11111100000000000000000111111
11111100000000000000000111111
11111100000000000000000111111
11111100000000000000000111111
11111100000000000000000111111
11111100000000000000000111111
01111100000000000000000111110
01111110000000000000001111110
01111110000000000000001111110
00111111000000000000011111100
00011111100000000000111111000
00011111111000000011111111000
00000111111111111111111100000
00000011111111111111110000000
00000000011111111111000000000
