13
00000000000000000000011111111
00000000000000000000011111111
00000000000000000011111111111
00000000000000011111111111111
00000000000011111111111111111
00000000111111111111111111111
00001111111111111101111111111
11111111111111101001111111111
11111111111010000000111111111
11111110000000000001111111111
10000000000000000001111111111
00000000000000000001111111111
00000000000000000000111111111
00000000000000000001111111111
00000000000000000001111111111
00000000000000000001111111111
00000000000000000001111111111
00000000000000000001111111111
00000000000000000000111111111
00000000000000000001111111111
00000000000000000001111111111
00000000000000000000111111111
00000000000000000001111111111
00000000000000000001111111111
00000000000000000001111111111
00000000000000000000111111111
00000000000000000001111111111
00000000000000000001111111111
00000000000000000001111111111
00000000000000111111100000000
00000000000011111111100000000
00000000111111111111100000000
00000111111111111111100000000
00011111111111111111100000000
11111111111111111111100000000
11111111110111111111100000000
00111110000011111111100000000
00000000000011111111100000000
00000000000011111111100000000
00000000000111111111100000000
00000000000011111111100000000
00000000000111111111000000000
00000000000111111111000000000
00000000000111111111000000000
00000000000111111111000000000
00000000000111111111000000000
00000000001111111110000000000
00000000001111111110000000000
00000000001111111110000000000
00000000001111111110000000000
00000000000111111110000000000
00000000000111111110000000000
00000000001111111110000000000
00000000000111111111000000000
00001001010111111111011010000
01111111111111111111111111111
11111111111111111111111111111
01111111111111111111111111110
00000000000001110000000000000
00000000011111110000000000000
00011111111111110000000000000
11111111100001110000000000000
11110000000001110000000000000
00000000000001110000000000000
00000000000001110000000000000
00000000000001110000000000000
00000000000001110000000000000
00000000000001110000000000000
00000000000001110000000000000
00000000000001110000000000000
00000000000001110000000000000
00000000000001110000000000000
00000000000001110000000000000
00000000000001110000000000000
00000000000001110000000000000
00000000000001110000000000000
00000000000001110000000000000
00000000000001110000000000000
00000000000001110000000000000
00000000000001110000000000000
00000000000001110000000000000
00000000000001110000000000000
00000000000001110000000000000
00000000000001110000000000000
00000000000001110000000000000
11111111111111111111111111111
11111111111111111111111111111
00000000000000011110000000000
00000000000001111111000000000
00000000001111111110000000000
11011111111111111111000000000
11111111111111111110000000000
10010101101111111110000000000
00000000001111111110000000000
00000000000111111110000000000
00000000000111111110000000000
00000000000111111110000000000
00000000000111111110000000000
00000000001111111110000000000
00000000000111111110000000000
00000000001111111110000000000
00000000001111111110000000000
00000000000111111110000000000
00000000001111111110000000000
00000000000111111110000000000
00000000000111111110000000000
00000000000111111110000000000
00000000000111111110000000000
00000000001111111110000000000
00000000000111111110000000000
00000000001111111110000000000
00000000001111111110000000000
00000000001111111111000000000
00000000011111111111111000000
11111111111111111111111111111
11111111111111111111111111111
00000000000011110000000000000
00000001011111111000000000000
00011111111111110000000000000
11111111100001110000000000000
01100000000001110000000000000
00000000000001111000000000000
00000000000001110000000000000
00000000000001110000000000000
00000000000001110000000000000
00000000000001111000000000000
00000000000001110000000000000
00000000000001110000000000000
00000000000001110000000000000
00000000000001111000000000000
00000000000001110000000000000
00000000000001110000000000000
00000000000001110000000000000
00000000000001110000000000000
00000000000001111000000000000
00000000000001110000000000000
00000000000001110000000000000
00000000000001110000000000000
00000000000001111000000000000
00000000000001110000000000000
00000000000001110000000000000
00000000000001111000000000000
00000000000001110000000000000
11111111111111111111111111111
11111111111111111111111111111
00000000000000000011111111111
00000000000000001111111111111
00000000000001111111111111111
00000000111111111111111111111
01011111111111111111111111111
11111111111111111111111111111
11111111111111111111111111111
11111110111111111111111111111
00000000001111111111111111111
00000000000111111111111111111
00000000000111111111111111111
00000000000011111111111111111
00000000000111111111111111111
00000000000011111111111111111
00000000000011111111111111111
00000000000011111111111111111
00000000000011111111111111111
00000000000011111111111111111
00000000000011111111111111111
00000000000111111111111111111
00000000000011111111111111111
00000000000011111111111111111
00000000000011111111111111111
00000000000011111111111111111
00000000000011111111111111111
00000000000011111111111111111
00000000000011111111111111111
00000000000111111111111111111
00000000000011111111111111111
00000000000000101000000000000
00000000001111111000000000000
00000011111111111100000000000
11111111111111111000000000000
11111111010111111000000000000
10100000000011111100000000000
00000000000111111000000000000
00000000000011111000000000000
00000000000011111000000000000
00000000000011111000000000000
00000000000111111100000000000
00000000000011111000000000000
00000000000111111000000000000
00000000000011111100000000000
00000000000111111000000000000
00000000000011111000000000000
00000000000111111000000000000
00000000000011111100000000000
00000000000011111100000000000
00000000000011111000000000000
00000000000111111100000000000
00000000000011111000000000000
00000000000111111000000000000
00000000000011111100000000000
00000000000011111100000000000
00000000000111111000000000000
01111111011111111111111101111
11111111111111111111111111111
11111111111111111111111111111
00101010101101101111101111111
11111111111111111111111111111
11111111111111111111111111111
00000000000000001111111111111
00000000000000001111111111111
00000000000000011111111111111
00000000000000001111111111111
00000000000000001111111111111
00000000000000001111111111111
00000000000000001111111111111
00000000000000011111111111111
00000000000000001111111111111
00000000000000001111111111111
00000000000000001111111111111
00000000000000011111111111111
00000000000000001111111111111
00000000000000001111111111111
00000000000000011111111111111
00000000000000001111111111111
00000000000000001111111111111
00000000000000011111111111111
00000000000000001111111111111
00000000000000001111111111111
00000000000000011111111111111
00000000000000001111111111111
00000000000000001111111111111
00000000000000011111111111111
00000000000000001111111111111
00000000000000001111111111111
00000000000000000111000000000
00000000000011111111000000000
00000000101111111111100000000
00011111111011111111000000000
11111110000001111111000000000
11100000000011111111000000000
00000000000001111111000000000
00000000000011111111000000000
00000000000001111111000000000
00000000000011111111000000000
00000000000001111111000000000
00000000000011111110000000000
00000000000001111111000000000
00000000000011111111000000000
00000000000001111110000000000
00000000000011111111000000000
00000000000001111111000000000
00000000000001111110000000000
00000000000011111111000000000
00000000000001111111000000000
00000000000011111111000000000
00000000000001111110000000000
00000000000011111111000000000
00000000000011111111000000000
00000000000011111111000000000
00000000000011111111000000000
00000000000011111111000000000
00000010101111111111111001000
00011111111111111111111111111
00000000000011111110000000000
00000000000011111100000000000
00000000000111111100000000000
00000000111111111110000000000
11111111111111111110000000000
11111111111111111100000000000
11010111111111111100000000000
00000000000111111110000000000
00000000000111111110000000000
00000000000111111100000000000
00000000000111111100000000000
00000000000111111110000000000
00000000000111111110000000000
00000000000111111100000000000
00000000000111111100000000000
00000000000111111110000000000
00000000000111111110000000000
00000000000111111100000000000
00000000000111111110000000000
00000000000111111100000000000
00000000000111111100000000000
00000000001111111110000000000
00000000000111111110000000000
00000000000111111100000000000
00000000000111111110000000000
00000000000111111100000000000
11111111111111111111111111111
11111111111111111111111111111
11111111111111111111111111111
00000000000000101111000000000
00000000101111111111000000000
00001111111111111110000000000
10110100011111111111000000000
00000000001111111111000000000
00000000000111111111000000000
00000000000111111111000000000
00000000000111111111000000000
00000000000111111111000000000
00000000000111111111000000000
00000000000111111110000000000
00000000000111111111000000000
00000000000111111111000000000
00000000000111111111000000000
00000000000111111111000000000
00000000000111111111000000000
00000000000111111111000000000
00000000001111111111000000000
00000000000111111111000000000
00000000000111111111000000000
00000000000111111110000000000
00000000000111111111000000000
00000000000111111111000000000
00000000000111111111000000000
00000000000111111111000000000
00000000000111111111000000000
00000000001111111111000000000
00000000001111111111100000000
00101110111111111111111110110
00000000000000000000000011111
00000000000000000000011111111
00000000000000000001111111111
00000000000000011111111111111
00000000000011111111111111111
00000001111111111111111111111
01011111111111111111111111111
11111111111111100111111111111
11111111100000000111111111111
11111000000000000011111111111
00000000000000000111111111111
00000000000000000111111111111
00000000000000000111111111111
00000000000000000011111111111
00000000000000000111111111111
00000000000000000111111111111
00000000000000000111111111111
00000000000000000011111111111
00000000000000000011111111111
00000000000000000111111111111
00000000000000000011111111111
00000000000000000111111111111
00000000000000000111111111111
00000000000000000111111111111
00000000000000000011111111111
00000000000000000111111111111
00000000000000000011111111111
00000000000000000111111111111
00000000000000000111111111111
00000000000011111100000000000
00000000000011111100000000000
00000000000111111100000000000
00000100111111111100000000000
11111111111111111100000000000
11111111111111111100000000000
11110111111111111100000000000
00000000000111111100000000000
00000000000111111100000000000
00000000000111111100000000000
00000000000111111100000000000
00000000000111111100000000000
00000000000111111100000000000
00000000000111111100000000000
00000000000111111100000000000
00000000000111111100000000000
00000000000111111100000000000
00000000000111111100000000000
00000000000111111100000000000
00000000000111111100000000000
00000000000111111100000000000
00000000000111111100000000000
00000000000111111100000000000
00000000000111111100000000000
00000000000111111100000000000
00000000000111111100000000000
11111111111111111111111111111
11111111111111111111111111111
11111111111111111111111111111
