13
00000000011111111111100000000
00000001111111111111111100000
00000111111111111111111110000
00001111111000000000111111100
00011111100000000000001111110
00111111000000000000000111110
00111110000000000000000111111
01111110000000000000000111111
00100100000000000000000011111
00000000000000000000000111111
00000000000000000000001111110
00000000000000000000001111110
00000000000000000000111111100
00000000000000000001111111000
00000000000000000011111110000
00000000000000001111111000000
00000000000000111111110000000
00000000000001111111000000000
00000000000111111100000000000
00000000011111111000000000000
00000001111111100000000000000
00000011111110000000000000000
00001111111100000000000000000
00001111110000000000000000000
00111111100000000000000000000
01111111000101010110010101101
01111111111111111111111111111
11111111111111111111111111111
11111111111111111111111111111
00000000001111111111010000000
00000001111111111111111100000
00001111111111111111111111000
00011111111110111111111111100
01111111110000000000111111110
11111111000000000000011111110
11111100000000000000001111111
00010000000000000000001111110
00000000000000000000001111110
00000000000000000000011111110
00000000000000000000111111100
00000000000000000011111111000
00000000000000001111111111000
00000000000000111111111100000
00000000000011111111110000000
00000000001111111111000000000
00000001111111111100000000000
00000111111111100000000000000
00001111111110000000000000000
00111111110000000000000000000
01111111100000000000000000000
01111111000000000000000000000
11111110000000000000000000000
11111100000000000000000000000
11111100000000000000000000000
11111111111111111111111111100
11111111111111111111111111111
11111111111111111111111111111
01111111111101101010101011110
00000000001111111111000000000
00000001111111111111111000000
00000111111000000000111110000
00001111000000000000001111000
00011100000000000000000011110
00111000000000000000000001110
01111000000000000000000001111
00100000000000000000000000111
00000000000000000000000000111
00000000000000000000000001111
00000000000000000000000001110
00000000000000000000000011100
00000000000000000000001111000
00000000000000000000011110000
00000000000000000001111100000
00000000000000000011110000000
00000000000000001111100000000
00000000000000011110000000000
00000000000001111000000000000
00000000000111110000000000000
00000000001111000000000000000
00000000111100000000000000000
00000011111000000000000000000
00000111100000000000000000000
00011110000000000000000000000
01111100000000000000000000011
11110000000000000000000000111
11111111111111111111111111111
11111111111111111111111111111
00000000011111111101000000000
00000011111111111111110000000
00001111110100011111111100000
00011111000000000011111110000
00111110000000000001111111000
01111110000000000000111111100
01111110000000000000111111100
11111110000000000000111111100
11111110000000000000011111110
01111110000000000000111111100
01111110000000000000011111100
00011000000000000000111111100
00000000000000000000111111100
00000000000000000001111111000
00000000000000000011111110000
00000000000000000011111100000
00000000000000001111110000000
00000000000000111111100000000
00000000000011111100000000000
00000000011111110000000000000
00000001111110000000000000000
00000011111000000000000000000
00001111000000000000000000000
00111100000000000000000000000
01111111011011011101110110111
11111111111111111111111111111
11111111111111111111111111111
11111111111111111111111111111
11111111111111111111111111111
00000000001111111111000000000
00000001111111111111111000000
00000111111010000001111110000
00001111100000000000011111000
00011110000000000000000111100
00111100000000000000000011110
01111000000000000000000001111
00110000000000000000000001110
00000000000000000000000001111
00000000000000000000000001110
00000000000000000000000001110
00000000000000000000000111110
00000000000000000000001111000
00000000000000000000011110000
00000000000000000001111100000
00000000000000000111110000000
00000000000000001111100000000
00000000000000111110000000000
00000000000001111100000000000
00000000000111110000000000000
00000000011111000000000000000
00000000111110000000000000000
00000011111000000000000000000
00001111100000000000000000000
00011110000000000000000000111
01111100000000000000000000111
11111000000000000000000000111
11111111111111111111111111111
11111111111111111111111111111
00000001011111111111000000000
00000111111111111111111100000
00011111111111111111111111000
00111111111111111111111111100
01111111111110101111111111110
11111111111100000111111111111
11111111111100000111111111111
11111111111000000111111111111
11111111111100000111111111111
11111111111000001111111111111
00010000001000011111111111110
00000000000000011111111111100
00000000000000111111111111100
00000000000011111111111111000
00000000000111111111111110000
00000000001111111111111100000
00000000011111111111111000000
00000000111111111111110000000
00000001111111111111100000000
00000011111111111110000000000
00000111111111111100000000000
00001111111111111000000000000
00011111111111110000000000000
00111111111111100000000000000
11111111111111111111111101100
11111111111111111111111111110
11111111111111111111111111110
11111111111111111111111111110
11111111111111111111111111110
00000101111111111111000000000
00111111111111111111111000000
01111111111111111111111110000
01111010000000000011111111100
00000000000000000000111111110
00000000000000000000011111111
00000000000000000000001111111
00000000000000000000011111111
00000000000000000000001111111
00000000000000000000011111111
00000000000000000000011111110
00000000000000000000111111100
00000000000000000001111111000
00000000000000000011111110000
00000000000000001111111100000
00000000000000111111110000000
00000000000011111111000000000
00000000000111111100000000000
00000000011111110000000000000
00000000111111000000000000000
00000011111110000000000000000
00000111111100000000000000000
00001111110000000000000000000
00111111110000000000000000000
01111111100000000000000000000
11111111010010000100100010100
11111111111111111111111111111
11111111111111111111111111111
11111111111111111111111111111
00000001111111111111000000000
00011111111111111111111100000
01111111111111111111111110000
01111110000000000011111111100
01100000000000000000111111110
00000000000000000000011111111
00000000000000000000001111111
00000000000000000000001111111
00000000000000000000001111111
00000000000000000000001111111
00000000000000000000011111110
00000000000000000000111111110
00000000000000000000111111000
00000000000000000011111111000
00000000000000001111111100000
00000000000000011111110000000
00000000000001111111000000000
00000000000111111110000000000
00000000011111110000000000000
00000000111111100000000000000
00000011111110000000000000000
00001111111000000000000000000
00011111110000000000000000000
00111111100000000000000000000
01111111000000000000000000000
11111111101010010100100100010
11111111111111111111111111111
11111111111111111111111111111
11111111111111111111111111111
00000000111111111100000000000
00000111111111111111110000000
00011111111111111111111100000
00011111100100011111111110000
00111100000000000011111110000
00111000000000000001111111000
00110000000000000000111111100
00110000000000000000011111000
00100000000000000000011111100
00000000000000000000011111000
00000000000000000000111111000
00000000000000000000111111000
00000000000000000000111110000
00000000000000000001111100000
00000000000000000011111000000
00000000000000000111110000000
00000000000000001111000000000
00000000000000011110000000000
00000000000000111100000000000
00000000000011110000000000000
00000000000111000000000000000
00000000011110000000000000000
00000000111000000000000000000
00000011110000000000000000000
00000111000000000000000000000
00011111101010010110100101101
00111111111111111111111111111
11111111111111111111111111111
11111111111111111111111111111
00000011111111111100000000000
00111111111111111111110000000
01111111111111111111111100000
01111111100000011111111110000
01111000000000000011111111000
01000000000000000000111111000
00000000000000000000111111100
00000000000000000000111111100
00000000000000000000011111100
00000000000000000000111111100
00000000000000000000111111000
00000000000000000001111111000
00000000000000000011111110000
00000000000000000011111110000
00000000000000001111111100000
00000000000000011111110000000
00000000000000111111100000000
00000000000011111111000000000
00000000000111111100000000000
00000000011111111000000000000
00000001111111100000000000000
00000011111110000000000000000
00000111111100000000000000000
00111111110000000000000000000
01111111000000000000000000000
11111110010000100010001000100
11111111111111111111111111111
11111111111111111111111111111
11111111111111111111111111111
00000000011111111110000000000
00000011111111111111100000000
00000111111111111111111000000
00001111100000011111111100000
00011100000000000111111110000
00110000000000000001111111000
00110000000000000000111111000
00100000000000000000111111100
00000000000000000000011111000
00000000000000000000011111000
00000000000000000000111111000
00000000000000000000111110000
00000000000000000000111100000
00000000000000000001111100000
00000000000000000001110000000
00000000000000000011100000000
00000000000000000111000000000
00000000000000001110000000000
00000000000000011100000000000
00000000000001110000000000000
00000000000011100000000000000
00000000000110000000000000000
00000000011100000000000000000
00000000110000000000000000000
00000011010000000000000000011
00001111000000010000001011110
00011111111111111111111111100
01111111111111111111111111100
11111111111111111111111111000
00000011111111111100000000000
00011111111111111111110000000
00111111111111111111111100000
11111111110000011111111110000
11111110000000000011111110000
00011000000000000001111111000
00000000000000000001111111000
00000000000000000001111111000
00000000000000000001111111000
00000000000000000001111111000
00000000000000000011111110000
00000000000000000011111100000
00000000000000000111111100000
00000000000000001111111000000
00000000000000011111110000000
00000000000000111111100000000
00000000000001111111000000000
00000000000111111110000000000
00000000001111111100000000000
00000000001111111000000000000
00000000111111110000000000000
00000001111111100000000000000
00000011111111000000000000000
00000111111110000000000000000
00001111111100000000000000000
00011111111001101001011010011
00111111111111111111111111111
11111111111111111111111111111
11111111111111111111111111111
00000011111111111100000000000
00111111111111111111110000000
01111111111111111111111100000
01111111100100101111111110000
01111000000000000001111111000
01000000000000000000111111100
00000000000000000000011111100
00000000000000000000011111100
00000000000000000000011111100
00000000000000000000011111100
00000000000000000000011111100
00000000000000000000111111000
00000000000000000001111110000
00000000000000000011111110000
00000000000000000111111100000
00000000000000001111110000000
00000000000000111111100000000
00000000000001111111000000000
00000000000111111100000000000
00000000001111111000000000000
00000000111111100000000000000
00000011111110000000000000000
00001111111100000000000000000
00011111110000000000000000000
01111111000000000000000000000
11111110010000100010001000100
11111111111111111111111111111
11111111111111111111111111111
11111111111111111111111111111
