13
00000000111111111110000000000
00000011111111111111110000000
00001111111111111111111100000
00011111110000000011111110000
00111111000000000000111111000
01111110000000000000111111000
11111100000000000000011111100
01011100000000000000011111100
00000000000000000000011111000
00000000000000000000111111000
00000000000000000001111110000
00000000000000000111111110000
00000000000111111111111000000
00000000000111111111110000000
00000000000111111111111110000
00000000000000000001111111100
00000000000000000000011111110
00000000000000000000001111110
00000000000000000000000111111
00000000000000000000000111111
00000000000000000000000111111
11111100000000000000000111111
11111100000000000000001111111
01111110000000000000001111110
01111111000000000000011111100
00011111110000000011111111000
00001111111111111111111110000
00000011111111111111111100000
00000000111111111110000000000
00000000011111111111000000000
00000111111111111111111000000
00011111111111111111111110000
00111111111110111111111111000
00111111100000000000111111100
00011100000000000000011111110
00000000000000000000001111110
00000000000000000000001111110
00000000000000000000001111110
00000000000000000000111111100
00000000000000001011111111100
00000000001111111111111111000
00000000111111111111111000000
00000000111111111111111000000
00000000011111111111111110000
00000000000000001111111111100
00000000000000000001111111110
00000000000000000000011111110
00000000000000000000001111111
00000000000000000000001111111
00000000000000000000000111111
00100000000000000000000111111
11111000000000000000001111111
11111110000000000000011111110
01111111000000000001111111100
01111111111111101111111111000
00011111111111111111111110000
00000111111111111111111000000
00000000111111111110100000000
00000000011111111111000000000
00000011111111111111111000000
00001111101000000000111110000
00111110000000000000001111000
00110000000000000000000111100
00000000000000000000000011100
00000000000000000000000001110
00000000000000000000000011110
00000000000000000000000011100
00000000000000000000000111100
00000000000000000000001111000
00000000000000000001111110000
00000000000111111111111000000
00000000000011111111110000000
00000000000000000011111100000
00000000000000000000011111000
00000000000000000000000111100
00000000000000000000000011110
00000000000000000000000001111
00000000000000000000000000111
00000000000000000000000000111
00000000000000000000000000111
00000000000000000000000001111
00000000000000000000000001110
01000000000000000000000111100
11111000000000000000001111100
00111111100000000001111110000
00010111111111111111111000000
00000001111111111111000000000
00000000011111111111000000000
00000011111110111111111000000
00001111100000000011111110000
00011111000000000001111111000
00111111000000000000111111100
00111111000000000000111111100
00111111000000000000011111100
00111111000000000000111111100
00010110000000000000111111100
00000000000000000000111111000
00000000000000000001111110000
00000000000000000011111100000
00000000001001011111100000000
00000000001111111110000000000
00000000001111111111111100000
00000000000000000011111111000
00000000000000000000011111100
00000000000000000000011111110
00000000000000000000001111111
00000000000000000000001111111
00000000000000000000001111111
11111100000000000000001111111
11111110000000000000001111111
11111110000000000000001111110
11111100000000000000011111110
01111100000000000000111111000
00111111000000000011111110000
00001111111101111111111000000
00000001111111111110000000000
00000000011111111111000000000
00000011111111111111111000000
00001111110000000001111100000
00111110000000000000011111000
00111000000000000000000111100
00000000000000000000000011100
00000000000000000000000011100
00000000000000000000000011110
00000000000000000000000011100
00000000000000000000000111100
00000000000000000000001111000
00000000000000000001111110000
00000000000111111111111000000
00000000000111111111100000000
00000000000000000111111100000
00000000000000000000011111000
00000000000000000000000111100
00000000000000000000000011110
00000000000000000000000001111
00000000000000000000000001111
00000000000000000000000000111
00000000000000000000000000111
00000000000000000000000001111
00000000000000000000000011110
11000000000000000000000111110
11111000000000000000011111000
01111111110000000011111110000
00001111111111111111111000000
00000000011111111110000000000
00000011111111111111010000000
00011111111111111111111100000
00111111111111111111111111000
01111111111111111111111111100
11111111111110011111111111110
11111111111110000111111111110
11111111111100000111111111110
11111111111100000111111111111
11111111111100000111111111110
00000000000000000111111111110
00000000000000001111111111110
00000000001111111111111111000
00000000001111111111111100000
00000000011111111111111111000
00000000011111111111111111110
00000000000100111111111111110
00000000000000001111111111111
10011010011000000111111111111
11111111111100000111111111111
11111111111100000111111111111
11111111111100000111111111111
11111111111100000111111111111
11111111111110000111111111111
11111111111100001111111111110
01111111111110101111111111110
01111111111111111111111111100
00011111111111111111111111100
00000111111111111111111100000
00000000111111111111100000000
00011111111111111110100000000
01111111111111111111111000000
01111111111111111111111110000
01111000000000000111111111000
00000000000000000001111111100
00000000000000000000111111100
00000000000000000000111111110
00000000000000000000111111100
00000000000000000000111111100
00000000000000000001111111000
00000000000000000011111110000
00000000000000011111111000000
00000111111111111111100000000
00000111111111111111000000000
00000111111111111111111000000
00000000000000011111111110000
00000000000000000011111111100
00000000000000000000111111110
00000000000000000000011111111
00000000000000000000011111111
00000000000000000000001111111
00000000000000000000011111111
00000000000000000000011111111
00000000000000000000111111110
00000000000000000001111111100
11101000000000000111111111100
11111111111111111111111110000
11111111111111111111111000000
01101111111111111100000000000
00101111111111111110100000000
01111111111111111111111000000
01111111111111111111111110000
11111000000000000011111111000
00000000000000000000111111100
00000000000000000000111111100
00000000000000000000011111110
00000000000000000000011111100
00000000000000000000111111100
00000000000000000000111111000
00000000000000000011111110000
00000000000000001111111000000
00000101111111111111000000000
00001111111111111110000000000
00000111111111111111111000000
00000000000000011111111110000
00000000000000000001111111100
00000000000000000000111111110
00000000000000000000011111111
00000000000000000000001111111
00000000000000000000001111111
00000000000000000000001111111
00000000000000000000011111111
00000000000000000000011111110
00000000000000000001111111110
11111000000000000111111111000
11111111111111111111111110000
11111111111111111111111000000
01011111111111111101000000000
00000000101111111111000000000
00000011111111111111111000000
00001111111111111111111100000
00011111100000000111111110000
00011100000000000001111111000
00111000000000000000111111000
00110000000000000000111111000
00100000000000000000011111000
00000000000000000000011110000
00000000000000000000111110000
00000000000000000001111000000
00000000000000000001110000000
00000000000000000111000000000
00000000011111111111111100000
00000000011111101111111111000
00000000000000000001111111110
00000000000000000000011111110
00000000000000000000001111111
00000000000000000000001111111
00000000000000000000000111111
00000000000000000000000111111
10000000000000000000000111110
11000000000000000000001111110
01100000000000000000001111100
01110000000000000000011111000
01111000000000000000111100000
00111111000000000011110000000
00111111111111111111000000000
00010111111111111000000000000
00000011111111111111000000000
00111111111111111111111100000
00111111111111111111111110000
01111111100100100111111111100
01111000000000000000111111110
00000000000000000000011111110
00000000000000000000011111110
00000000000000000000001111110
00000000000000000000011111110
00000000000000000000011111100
00000000000000000001111111000
00000000000000101111111100000
00000000001111111111100000000
00000000001111111111110000000
00000000001111111111111110000
00000000000000000011111111000
00000000000000000000011111110
00000000000000000000001111110
00000000000000000000001111111
00000000000000000000001111111
00000000000000000000001111111
00000000000000000000001111111
00000000000000000000001111111
10000000000000000000011111110
11110000000000000000111111100
11111111100000101111111111000
11111111111111111111111110000
01111111111111111111111000000
00000111111111111110000000000
00000000011111111111000000000
00000011111111111111111000000
00001111111111111111111100000
00011110000000001111111111000
00110000000000000001111111000
01100000000000000001111111100
00000000000000000000111111100
00000000000000000000111111000
00000000000000000000111110000
00000000000000000000111100000
00000000000000000001110000000
00000000000000000111100000000
00000000000000001111110000000
00000000000011111111111100000
00000000011111111111111111000
00000000000000011111111111110
00000000000000000001111111110
00000000000000000000011111111
00000000000000000000001111111
00000000000000000000001111111
00000000000000000000000111111
00000000000000000000000111111
00000000000000000000000111110
00000000000000000000000111100
00000000000000000000001111000
01110100000000000000111110000
11111111100000000011111100000
11111111111111111111000000000
00111111111111110000000000000
00000101111111111100000000000
00011111111111111111110000000
00111111111111111111111100000
00011111100100011111111111000
00001000000000000011111111000
00000000000000000001111111100
00000000000000000000111111110
00000000000000000000111111100
00000000000000000000111111100
00000000000000000000111111100
00000000000000000011111111000
00000000000000000111111100000
00000000000111111111111000000
00000000000111111111100000000
00000000001111111111111000000
00000000000000011111111110000
00000000000000000011111111100
00000000000000000000111111110
00000000000000000000011111110
00000000000000000000011111111
00000000000000000000011111111
00000000000000000000001111111
00000000000000000000011111111
00000000000000000000111111110
00011000000000000001111111110
01111111010010011111111111100
11111111111111111111111110000
00111111111111111111111000000
00000101111111111110000000000
00000011111111111111000000000
00111111111111111111111100000
01111111111111111111111110000
01111111100101001011111111100
01111000000000000000011111110
00000000000000000000011111110
00000000000000000000001111110
00000000000000000000001111110
00000000000000000000001111110
00000000000000000000011111100
00000000000000000001111111000
00000000000000100111111100000
00000000001111111111110000000
00000000000111111111010000000
00000000001111111111111110000
00000000000000000001111111000
00000000000000000000011111110
00000000000000000000001111110
00000000000000000000000111111
00000000000000000000000111111
00000000000000000000000111111
00000000000000000000000111111
00000000000000000000001111111
10000000000000000000011111110
11110000000000000001111111100
11111111100000100111111111000
11111111111111111111111110000
01111111111111111111111000000
00000111111111111110000000000
