13
00000000000000000001111000000
00000000000000000011111000000
00000000000000000111111100000
00000000000000001111111000000
00000000000000011111111000000
00000000000000111111111100000
00000000000001111011111000000
00000000000111111011111100000
00000000000111110011111000000
00000000001111100011111000000
00000000111111000011111100000
00000000111100000001111000000
00000011111100000011111000000
00000011110000000011111100000
00001111110000000011111000000
00011111000000000011111000000
00111110000000000011111000000
01111110000000000011111100000
11111100000000000011111000000
11111111111111111111111111111
11111111111111111111111111111
11111111111111111111111111111
00000000000000000011111100000
00000000000000000011111000000
00000000000000000011111100000
00000000000000000011111000000
00000000000000000011111000000
00000000000000000011111100000
00000000000000000011111000000
00000000000000000011111000000
00000000000000001111111000000
00000000000000011111111100000
00000000000000011111111000000
00000000000000111111111100000
00000000000011111111111000000
00000000000011111011111000000
00000000001111110001111100000
00000000001111100011111000000
00000000011111100001111000000
00000001111111000011111100000
00000001111100000011111000000
00000011111100000011111000000
00000111111000000001111100000
00001111110000000011111000000
00011111100000000011111000000
00111111100001000111111000000
11111111111111111111111111110
11111111111111111111111111111
01111111111111111111111111111
00000010001000101011111110100
00000000000000000011111000000
00000000000000000001111000000
00000000000000000011111100000
00000000000000000011111100000
00000000000000000001111000000
00000000000000000011111000000
00000000000000000011111000000
00000000000000000001111000000
00000000000000000111111100000
00000000000000001111111100000
00000000000000001110011100000
00000000000000111110011100000
00000000000001111000011100000
00000000000001110000011110000
00000000000111100000011100000
00000000000111100000011100000
00000000001110000000011100000
00000000011110000000011100000
00000000111000000000011100000
00000001111000000000011100000
00000011110000000000011110000
00000111000000000000011100000
00001111000000000000011100000
00011110000000000000011100000
00111100000000000000011110000
01111000000000000000011100000
11110000000000000000011100000
11111111111111111111111111111
11111111111111111111111111111
00000000000000000000011100000
00000000000000000000011100000
00000000000000000000011100000
00000000000000000000011100000
00000000000000000000011100000
00000000000000000000011100000
00000000000001111111111111111
00000000000001111111111111111
00000000000000000001111000000
00000000000000000111111000000
00000000000000000111111100000
00000000000000001111111000000
00000000000000111111111100000
00000000000001111111111000000
00000000000011100011111000000
00000000000111100011111100000
00000000001110000011111000000
00000000111100000111111000000
00000001110000000011111100000
00000011110000000011111000000
00000111000000000011111000000
00001110000000000111111100000
00011100000000000011111000000
00111000000000000011111000000
11110000000000000011111000000
11111001011011101111111101101
11111111111111111111111111111
11111111111111111111111111111
00000000000000000111111000000
00000000000000000011111100000
00000000000000000011111000000
00000000000000000011111100000
00000000000000000111111100000
00000000000000000011111000000
00000000000000000011111000000
00000000000000000011111100000
00000000000000000111111000000
00000000000000000111111100000
00000000000000001111111100000
00000000000000011110011100000
00000000000000111100011100000
00000000000001111000011100000
00000000000001110000011100000
00000000000011100000011110000
00000000001111000000011100000
00000000001110000000011100000
00000000111100000000011100000
00000001111000000000011100000
00000001110000000000011100000
00000011100000000000011110000
00000111100000000000011100000
00001110000000000000011100000
00011110000000000000011100000
00111100000000000000011100000
01111000000000000000011110000
11110000000000000000011100000
11111111111111111111111111111
11111111111111111111111111111
00000000000000000000011100000
00000000000000000000011100000
00000000000000000000011100000
00000000000000000000011100000
00000000000000000000011100000
00000000000000000000011100000
00000000000001111111111111111
00000000000001111111111111111
00000000001111111111111110000
00000000011111111111111111000
00000000011111111111111110000
00000000111111111111111111000
00000000111111111111111111000
00000001111111111111111110000
00000001111111111111111110000
00000011111111111111111111000
00000011111110111111111110000
00000111111110111111111111000
00001111111100111111111111000
00001111111100111111111110000
00011111111000111111111110000
00011111111000111111111111000
00011111111000111111111110000
00111111110000111111111111000
01111111110000111111111111000
01111111100000111111111110000
11111111100000111111111111000
11111111111111111111111111111
11111111111111111111111111111
11111111111111111111111111111
11111111111111111111111111111
11011111011111111111111111111
00000000000000111111111110000
00000000000000111111111111000
00000000000000111111111110000
00000000000000111111111111000
00000000000000111111111111000
00000000000000000111111000000
00000000000000001111111100000
00000000000000011111111000000
00000000000000011111111000000
00000000000001111111111000000
00000000000011111111111100000
00000000000111111011111000000
00000000001111110011111000000
00000000011111000011111000000
00000000011111000111111100000
00000001111110000011111000000
00000011111100000011111000000
00000011111000000011111100000
00001111100000000111111000000
00011111100000000011111000000
00011111000000000011111000000
01111110000000000011111000000
01111100000000000011111000000
11111110101111011111111110111
11111111111111111111111111111
11111111111111111111111111111
00000000000000000111111100000
00000000000000000011111000000
00000000000000000011111000000
00000000000000000011111000000
00000000000000000011111000000
00000000000000000011111100000
00000000000000000011111000000
00000000000000000011111000000
00000000000000000111111000000
00000000000000000111111100000
00000000000000001111111000000
00000000000000011111111100000
00000000000000111111111000000
00000000000011111001111100000
00000000000111111001111000000
00000000000111110011111100000
00000000001111000001111000000
00000000111111000001111100000
00000000111100000001111000000
00000011111000000011111100000
00000011110000000001111100000
00001111100000000001111000000
00011111000000000001111100000
00011110000000000011111000000
01111100000000000001111100000
11111110010110011011111101010
11111111111111111111111111111
11111111111111111111111111111
01111110110101110111111111011
00000000000000000011111100000
00000000000000000011111000000
00000000000000000011111100000
00000000000000000011111000000
00000000000000000011111100000
00000000000000000001111000000
00000000000000000011111100000
00000000000000000011111000000
00000000000000000001110000000
00000000000000000111111000000
00000000000000001111110000000
00000000000000011111110000000
00000000000000011111110000000
00000000000001110111111000000
00000000000011100111110000000
00000000000011000111110000000
00000000000110000111111000000
00000000001100000111110000000
00000000011100000111110000000
00000000110000000111110000000
00000001100000000111110000000
00000011100000000111110000000
00000111000000000111110000000
00000110000000000111110000000
00011100000000000111110000000
00111000000000000111110000000
00111000000000001111111000000
01111111111111111111111111111
11111111111111111111111111111
00101001100110101111110110101
00000000000000000111110000000
00000000000000000111110000000
00000000000000000111110000000
00000000000000001111110000000
00000000000000001111111000000
00000000000010011111111001000
00000000011111111111111111111
00000000000000000011111100000
00000000000000000111111100000
00000000000000001111111100000
00000000000000111111111100000
00000000000001111111111100000
00000000000011111101111100000
00000000000111110001111100000
00000000011111100011111100000
00000000111111000001111100000
00000001111110000011111100000
00000111111000000001111100000
00000111110000000011111100000
00011111100000000001111100000
00111110000000000011111100000
11111100000000000001111100000
11111010000000000011111110000
11111111111111111111111111111
11111111111111111111111111111
11111111111111111111111111111
00000000000000000011111100000
00000000000000000001111100000
00000000000000000011111100000
00000000000000000011111100000
00000000000000000001111100000
00000000000000000001111100000
00000000000000000011111100000
00000000000000000001111100000
00000000000000000001111100000
00000000000000000011111100000
00000000000000000001111000000
00000000000000000011111000000
00000000000000000111111100000
00000000000000001111111000000
00000000000000011111111000000
00000000000000111011111100000
00000000000001110011111000000
00000000000011100011111100000
00000000000111000011111000000
00000000001110000011111000000
00000000011100000011111100000
00000000111000000011111000000
00000001110000000011111000000
00000111000000000011111100000
00000110000000000011111000000
00001110000000000011111000000
00011100000000000011111000000
01110000000000000011111100000
11111001100101010111111110010
11111111111111111111111111111
11111111111111111111111111111
11011001011011011111111101101
00000000000000000011111000000
00000000000000000011111100000
00000000000000000011111100000
00000000000000000011111000000
00000000000000000011111000000
00000000000000000011111100000
00000000000000000011111000000
00000000000000000000001110000
00000000000000000000011110000
00000000000000000000111110000
00000000000000000011111110000
00000000000000000111111110000
00000000000000001111111110000
00000000000000011111111110000
00000000000000111111111110000
00000000000001111111111110000
00000000000111111100111110000
00000000001111110001111110000
00000000011111100001111110000
00000000111111000000111110000
00000011111110000001111110000
00000111111100000001111110000
00001111110000000001111110000
00011111100000000001111110000
00111111000000000001111110000
11111111111111111111111111111
11111111111111111111111111111
11111111111111111111111111111
00000000000000000001111110000
00000000000000000001111110000
00000000000000000001111110000
00000000000000000001111110000
00000000000000000000111110000
00000000000000000001111110000
00000000000000000001111110000
00000000000000000001111110000
00000000000000000011111000000
00000000000000000111111000000
00000000000000001111111100000
00000000000000111111111000000
00000000000000111111111100000
00000000000011111111111000000
00000000000111110011111000000
00000000001111100011111100000
00000000011111000011111000000
00000000111110000001111000000
00000001111100000011111100000
00000111111000000011111000000
00001111110000000011111000000
00011111000000000001111100000
00111110000000000011111000000
01111100000000000011111000000
11111000000000000011111000000
11111000100001100011111110001
11111111111111111111111111111
11111111111111111111111111111
11111111111111111111111111111
00000000000000000011111000000
00000000000000000011111000000
00000000000000000011111100000
00000000000000000011111100000
00000000000000000011111000000
00000000000000000001111100000
00000000000000000011111000000
00000000000000000011111000000
