13
00000111111111111111111111100
00000111111111111111111111100
00001111111111111111111111100
00001111110000100100010000000
00001111100000000000000000000
00001111100000000000000000000
00011111000000000000000000000
00011111000000000000000000000
00011111000000000000000000000
00111111000011010110000000000
00111110011111111111110000000
00111111111111111111111100000
00111111111110101111111111000
01111111000000000000111111100
01111110000000000000011111110
00000000000000000000001111110
00000000000000000000000111111
00000000000000000000000111111
00000000000000000000000111111
00000000000000000000000111111
00000000000000000000000111111
11111100000000000000000111110
11111100000000000000001111110
01111110000000000000011111110
00111111000000000000111111000
00111111110000000011111111000
00001111111111111111111100000
00000011111111111111110000000
00000000111111111110000000000
01111111101111111111111111100
01111111111111111111111111100
01111111111111111111111111100
00111111111111010111111011000
00111111000000000000000000000
01111110000000000000000000000
00111110000000000000000000000
01111110000000000000000000000
01111110001111111111100000000
01111101111111111111111100000
01111111111111111111111111000
01111111111110100101111111100
11111111110000000000011111110
11111111100000000000001111110
11111110000000000000000111111
01111000000000000000000111111
00000000000000000000000111111
00000000000000000000000011111
00000000000000000000000111111
00000000000000000000000011111
00000000000000000000000111111
00000000000000000000001111110
00100000000000000000011111110
11111000000000000000111111100
11111110000000000011111111000
01111111111001111111111110000
00111111111111111111111000000
00001111111111111111110000000
00000011111111111100000000000
00001111111111111111111111000
00011111111111111111111111000
00001110000000000000000000000
00011100000000000000000000000
00001100000000000000000000000
00001110000000000000000000000
00011110000000000000000000000
00001110000000000000000000000
00001110000000000000000000000
00011100000000000000000000000
00001110011111111111100000000
00011111111111111111111100000
00001111110000000000111111000
00000110000000000000000111100
00000000000000000000000011100
00000000000000000000000001110
00000000000000000000000001111
00000000000000000000000000111
00000000000000000000000000111
00000000000000000000000000111
00000000000000000000000000111
00000000000000000000000000111
00000000000000000000000001110
00000000000000000000000011110
11110000000000000000000111100
11111100000000000000001111000
00011111010000000001111100000
00000111111111111111111000000
00000000111111111111000000000
00000111111111111111111111110
00000111111111111111111111110
00000111111111111111111111110
00000111110110111101110101100
00000111000000000000000000000
00001111000000000000000000000
00000110000000000000000000000
00001111000000000000000000000
00001110000000000000000000000
00001110000000000000000000000
00001110000111111101000000000
00011110111111111111111000000
00011111111101101111111110000
00011111000000000011111111000
00011100000000000000111111110
00000000000000000000011111110
00000000000000000000001111111
00000000000000000000001111111
00000000000000000000001111111
00000000000000000000001111111
00000000000000000000001111111
01111100000000000000001111111
11111110000000000000001111110
11111110000000000000011111100
11111110000000000000111111100
01111100000000000001111111000
00111111000000000111111100000
00000111111111111111110000000
00000001111111111100000000000
00001111111111111111111111000
00001111111111111111111111000
00001110000000000000000000000
00001110000000000000000000000
00001110000000000000000000000
00001110000000000000000000000
00001110000000000000000000000
00001110000000000000000000000
00011110000000000000000000000
00001110000000001000000000000
00001110011111111111110000000
00001111111111111111111100000
00001111110000000000011111000
00000110000000000000001111100
00000000000000000000000011110
00000000000000000000000001110
00000000000000000000000001111
00000000000000000000000001111
00000000000000000000000000111
00000000000000000000000000111
00000000000000000000000000111
00000000000000000000000001111
00000000000000000000000001110
01000000000000000000000011110
11110000000000000000000111100
01111110000000000000011111000
00011111110000000011111100000
00000111111111111111111000000
00000000011111111110000000000
01111111111111111111111111100
11111111111111111111111111000
01111111111111111111111111100
11111111111111111111111111000
01111111111110100101100110000
11111111111000000000000000000
01111111111100000000000000000
11111111111000000010100000000
11111111111101111111111110000
11111111111111111111111111100
01111111111111111111111111110
11111111111110111111111111110
11111111111110001111111111111
11111111111100000111111111111
00000010000000000111111111111
00000000000000000111111111111
00000000000000000111111111111
00000100000100000111111111111
11111111111100000111111111111
11111111111100000111111111111
11111111111100000111111111111
11111111111100000111111111111
11111111111100000111111111111
01111111111100000111111111111
01111111111111011111111111110
00111111111111111111111111100
00011111111111111111111111100
00000111111111111111111100000
00000000101111111111100000000
01111111111111111111111111110
01111111111111111111111111100
01111111111111111111111111100
01111111010100100100010100100
01111110000000000000000000000
01111110000000000000000000000
01111111000000000000000000000
01111110000000000000000000000
01111110000000000000000000000
01111110000000000000000000000
01111111000000000000000000000
01111111111111110100000000000
01111111111111111111100000000
00010110111111111111111100000
00000000000000011111111110000
00000000000000000011111111100
00000000000000000001111111110
00000000000000000000111111110
00000000000000000000011111111
00000000000000000000011111111
00000000000000000000011111111
00000000000000000000111111111
00000000000000000000111111110
00000000000000000001111111110
00000000000000000011111111100
11100000000000011111111110000
11111111111111111111111100000
11111111111111111111100000000
01011111111111111000000000000
01111111111111111111111111110
01111111111111111111111111110
01111111111111111111111111110
01111111010100100100010101000
11111110000000000000000000000
01111111000000000000000000000
01111110000000000000000000000
01111110000000000000000000000
01111110000000000000000000000
01111110000000000000000000000
11111111000000000000000000000
01111111111111110100000000000
01111111111111111111100000000
01010110111111111111111100000
00000000000000011111111110000
00000000000000000011111111100
00000000000000000000111111110
00000000000000000000111111110
00000000000000000000011111111
00000000000000000000011111111
00000000000000000000011111111
00000000000000000000011111111
00000000000000000000011111111
00000000000000000000111111110
00000000000000000001111111100
10100000000000001111111111000
11111111111111111111111100000
11111111111111111111110000000
11011111111111101000000000000
00001111111111111111111111100
00001111111111111111111111100
00001111111111111111111111100
00001111101001011010101001100
00001110000000000000000000000
00000110000000000000000000000
00001110000000000000000000000
00001110000000000000000000000
00001110000000000000000000000
00000110000000000000000000000
00001110000111111111110000000
00001111111111111111111100000
00001111111111111111111111000
00001111100000000011111111100
00001100000000000000111111110
00000000000000000000001111111
00000000000000000000000111111
00000000000000000000000111111
00000000000000000000000111111
00000000000000000000000011111
00000000000000000000000011110
00000000000000000000000111110
10000000000000000000000111100
11100000000000000000001111100
01110000000000000000001110000
00111000000000000000111100000
00111110000000000011110000000
00011111111111111110000000000
00001111111111111000000000000
00111111111111111111111111110
00111111111111111111111111111
00111111111111111111111111111
00111111100001001000000101000
00111111000000000000000000000
00111111000000000000000000000
00111111000000000000000000000
00111111000000000000000000000
00111111100000000000000000000
00111111000000000000000000000
00111111000000000000000000000
00111111111111111111100000000
00111111111111111111111100000
00111111111111111111111111000
00100000000000000111111111100
00000000000000000000111111110
00000000000000000000011111111
00000000000000000000001111111
00000000000000000000001111111
00000000000000000000000111111
00000000000000000000001111111
00000000000000000000001111111
00000000000000000000011111110
10000000000000000000011111110
11110000000000000001111111100
11111111100000101111111111000
11111111111111111111111100000
01111111111111111111110000000
00001011111111111100000000000
00000000000111111111111111111
00000000001111111111111111110
00000000011111111111111111100
00000000111110111101110111000
00000001110000000000000000000
00000011110000000000000000000
00000111100000000000000000000
00000111101000000000000000000
00001111111111100000000000000
00011111111111111110000000000
00111111111111111111110000000
00010010111111111111111000000
00000000000001111111111110000
00000000000000000111111111000
00000000000000000001111111100
00000000000000000000111111110
00000000000000000000001111110
00000000000000000000001111111
00000000000000000000000111110
00000000000000000000000011110
00000000000000000000000011110
00000000000000000000000111110
00000000000000000000000111100
00000000000000000000001111000
00000000000000000000011110000
11111110000000000001111000000
11111111110000001011100000000
01111111111111111110000000000
00111111111111010000000000000
01111111111111111111111111100
01111111111111111111111111000
01111111111111111111111111100
01111111010000100100010000000
01111111000000000000000000000
01111110000000000000000000000
01111111000000000000000000000
01111111000000000000000000000
01111111000000000000000000000
01111111000111111110000000000
01111111111111111111111000000
01111111111111111111111110000
01111111111010111111111111100
01111100000000000011111111100
00010000000000000000111111110
00000000000000000000011111111
00000000000000000000011111111
00000000000000000000001111111
00000000000000000000011111111
00000000000000000000001111111
00000000000000000000001111111
00000000000000000000011111110
00000000000000000000011111110
00000000000000000000111111110
00111000000000000011111111100
01111111101010011111111111000
11111111111111111111111100000
00111111111111111111111000000
00000111111111111100000000000
00111111111111111111111111111
00111111111111111111111111111
00111111111111111111111111111
00111111000101001000000101000
00111111000000000000000000000
00111110000000000000000000000
00111111000000000000000000000
00111111000000000000000000000
00111110000000000000000000000
00111111000000000000000000000
00111111000000000000000000000
00111111111111111111100000000
00111111111111111111111100000
00111111111111111111111111000
00100000000000000011111111100
00000000000000000000111111110
00000000000000000000001111111
00000000000000000000001111111
00000000000000000000000111111
00000000000000000000000111111
00000000000000000000000111111
00000000000000000000001111111
00000000000000000000001111110
10000000000000000000011111110
11110000000000000000111111100
11111111100000101111111111000
11111111111111111111111100000
01111111111111111111110000000
00001011111111111101000000000
