13
00000000000111111111100000000
00000000111111111111111100000
00000011111111111111111111000
00001111111100000001111111000
00001111110000000000011111100
00111111000000000000001111110
00111111000000000000001111110
00111110000000000000000000000
01111100000000000000000000000
01111100000000000000000000000
11111100000001111111000000000
11111100011111111111111000000
11111101111111111111111110000
11111111111101000011111111000
11111111100000000000111111100
11111111000000000000001111110
11111110000000000000000111111
11111110000000000000000111111
11111100000000000000000011111
11111100000000000000000111111
01111100000000000000000011111
01111110000000000000000111111
01111110000000000000000111110
00111111000000000000001111110
00011111100000000000011111100
00001111111100000001111111000
00000111111111111111111110000
00000001111111111111111000000
00000000001111111111000000000
00000000000000011111000000000
00000000000000111111000000000
00000000000011111111000000000
00000000000111111100000000000
00000000011111111000000000000
00000000111111100000000000000
00000011111111000000000000000
00000111111100000000000000000
00001111110000000000000000000
00011111100000000000000000000
00111111100000000000000000000
00111111001111111111100000000
01111111111111111111111100000
01111111111111111111111111000
11111111111010010111111111100
11111111000000000000011111110
11111100000000000000001111111
11111100000000000000000111111
11111000000000000000000111111
11111100000000000000000011111
11111100000000000000000111111
11111100000000000000000111111
01111110000000000000000111110
01111111000000000000001111110
00111111100000000000111111100
00011111111000000111111111000
00001111111111111111111110000
00000011111111111111110100000
00000000111111111110000000000
00000000000000001111111111100
00000000000001111111111111111
00000000001111110100000000100
00000000111110000000000000000
00000011111000000000000000000
00000111100000000000000000000
00001111000000000000000000000
00011110000000000000000000000
00111000000000000000000000000
01111000000000000000000000000
01110000000000000000000000000
11110000000000001000000000000
11110000000111111111110000000
11100000111111110111111100000
11100011111000000000011111000
11100111100000000000000111100
11111111000000000000000011110
11111100000000000000000001110
11111000000000000000000001111
01111000000000000000000000111
01110000000000000000000000111
01111000000000000000000000111
00111100000000000000000001111
00011100000000000000000001110
00001110000000000000000011110
00000111100000000000000111000
00000011111000000000111110000
00000000111111111111111100000
00000000001111111111100000000
00000000000000000001111000000
00000000000000011111111100000
00000000000011111110000000000
00000000001111111000000000000
00000000111111000000000000000
00000001111100000000000000000
00000011111000000000000000000
00001111110000000000000000000
00011111100000000000000000000
00011111100000000000000000000
00111111000000001000000000000
01111111000111111111110000000
01111110011111111111111100000
11111111111000000011111111000
11111111000000000000111111100
11111110000000000000011111110
11111110000000000000001111111
11111100000000000000001111111
11111110000000000000001111111
11111110000000000000000111111
11111110000000000000000111111
01111110000000000000001111111
01111110000000000000001111110
00111111000000000000001111110
00111111100000000000011111100
00001111100000000000111111000
00001111111000000001111100000
00000001111110111111111000000
00000000011111111110000000000
00000000000000000111111111100
00000000000001111111111111111
00000000001111111100000000110
00000000111111000000000000000
00000011111000000000000000000
00000111110000000000000000000
00001111000000000000000000000
00011110000000000000000000000
00111100000000000000000000000
01111000000000000000000000000
01110000000000000000000000000
11110000000000100100000000000
11110000001111111111110000000
11100001111111110111111100000
11100011111000000000011111000
11110111100000000000000111100
11111110000000000000000011110
11111100000000000000000001110
11111000000000000000000001111
01110000000000000000000001111
01111000000000000000000000111
01111000000000000000000001111
00111100000000000000000001111
00011100000000000000000011110
00001111000000000000000111100
00000111100000000000001111100
00000011111010000001111110000
00000000111111111111111100000
00000000000111111111000000000
00000000101111111111010000000
00000111111111111111111100000
00011111111111111111111111000
00111111111111111111111111100
01111111111110011111111111110
01111111111100000111111111111
11111111111100000111111111111
11111111111100000111111111111
11111111111100000000000000000
11111111111100000000000000000
11111111111100011111111100000
11111111111111111111111111000
11111111111111111111111111110
11111111111111111111111111110
11111111111110001111111111111
11111111111100000111111111111
11111111111100000111111111111
11111111111100000111111111111
11111111111100000111111111111
11111111111100000111111111111
11111111111100000111111111111
11111111111100000111111111111
11111111111100000111111111111
11111111111100000111111111111
01111111111110011111111111110
00111111111111111111111111110
00011111111111111111111111000
00000111111111111111111100000
00000000111111111111010000000
00000000000011111111111010000
00000000011111111111111111000
00000001111111111111111111100
00000111111110000000000111000
00001111111000000000000000000
00011111110000000000000000000
00011111100000000000000000000
00111111000000000000000000000
01111111000000000000000000000
01111110000000000000000000000
01111110000000000100000000000
11111100000111111111110000000
11111100011111111111111100000
11111111111110100111111111000
11111111110000000000111111100
11111111100000000000011111110
11111111000000000000001111111
11111110000000000000000111111
11111110000000000000000111111
11111110000000000000000111111
01111110000000000000000111111
01111111000000000000000111111
00111111000000000000000111110
00111111000000000000001111110
00011111110000000000011111100
00001111111000000000111111000
00000111111111011111111110000
00000001111111111111111000000
00000000011111111111000000000
00000000000111111111111100000
00000000011111111111111111100
00000011111111111111111111100
00000111111100000000000111100
00001111110000000000000000000
00011111100000000000000000000
00111111000000000000000000000
00111111000000000000000000000
01111110000000000000000000000
01111110000000000000000000000
11111110000000000100000000000
11111100000111111111110000000
11111100011111111111111110000
11111111111110000011111111000
11111111110000000000111111100
11111111000000000000001111110
11111110000000000000001111111
11111110000000000000000111111
11111100000000000000000111111
11111100000000000000000111111
01111110000000000000000111111
01111110000000000000000111111
00111110000000000000000111110
00111111000000000000001111110
00011111100000000000011111100
00001111111100000000111111000
00000011111111111111111110000
00000001111111111111111000000
00000000010111111111000000000
00000000000000000000111110000
00000000000000000111111000000
00000000000000111110000000000
00000000000011111000000000000
00000000011111100000000000000
00000000111110000000000000000
00000001111100000000000000000
00000111110000000000000000000
00001111100000000000000000000
00011111100000000000000000000
00111111000000000000000000000
00111111000000001010000000000
01111110000111111111111100000
01111110011111111111111111000
11111111111000000001111111100
11111111000000000000111111110
11111110000000000000001111111
11111100000000000000001111111
11111100000000000000000111111
11111100000000000000000111111
11111100000000000000000111111
11111100000000000000000011111
01111110000000000000000111110
01111110000000000000000111110
00111111000000000000001111100
00011111000000000000011111000
00001111110000000000111100000
00000011111110100111110000000
00000000011111111110000000000
00000000000001011111111110000
00000000001111111111111110000
00000000111111111111111110000
00000011111111111000010110000
00000111111100000000000000000
00001111110000000000000000000
00011111100000000000000000000
00111111100000000000000000000
00111111000000000000000000000
01111110000000000000000000000
01111110000000000100000000000
11111100011111111111110000000
11111111111111111111111100000
11111111111111111111111111000
11111111100000000001111111100
11111100000000000000011111110
11111100000000000000001111111
11111100000000000000001111111
11111100000000000000000111111
11111110000000000000000111111
11111110000000000000000111111
01111110000000000000001111111
01111111000000000000001111110
00111111000000000000001111110
00011111110000000000111111100
00001111111000000011111111000
00000111111111111111111110000
00000001111111111111111000000
00000000011111111111000000000
00000000000000000001011111110
00000000000000001111111000000
00000000000001111110000000000
00000000000111111000000000000
00000000011111100000000000000
00000000111111000000000000000
00000011111100000000000000000
00000111111000000000000000000
00001111110000000000000000000
00011111110000000000000000000
00111111100000000000000000000
00111111000111111111110000000
01111111011111011111111100000
01111111110000000011111111000
11111110000000000000111111100
11111110000000000000011111110
11111110000000000000001111111
11111110000000000000001111111
11111100000000000000000111111
11111110000000000000000111111
11111110000000000000000111111
01111110000000000000000111111
01111111000000000000000111110
00111111000000000000000111100
00011111100000000000001111000
00001111100000000000011111000
00000111111000000000111100000
00000001111111000011110000000
00000000011111111111000000000
00000000000000011111000000000
00000000000000111111100000000
00000000000111111111000000000
00000000001111111100000000000
00000000111111111000000000000
00000001111111100000000000000
00000011111111000000000000000
00000111111110000000000000000
00001111111000000000000000000
00011111110000000000000000000
00111111100000000000000000000
00111111100111111111010000000
01111111111111111111111100000
11111111111111111111111110000
11111111111001000111111111100
11111111100000000000111111110
11111111000000000000011111110
11111110000000000000001111111
11111110000000000000001111111
11111110000000000000001111111
11111110000000000000001111111
01111110000000000000001111111
01111110000000000000001111111
00111111000000000000011111110
00111111100000000000111111100
00001111111110000111111111100
00001111111111111111111110000
00000001111111111111111100000
00000000011111111111000000000
00000000000001011111111110000
00000000001111111111111110000
00000000111111111111111110000
00000011111111111000010110000
00000111111100000000000000000
00001111110000000000000000000
00011111100000000000000000000
00111111000000000000000000000
00111110000000000000000000000
01111110000000000000000000000
01111100000000000100000000000
11111100011111111111110000000
11111111111111111111111100000
11111111111111111111111111000
11111111000000000000111111100
11111100000000000000011111110
11111100000000000000000111111
11111100000000000000000111111
11111100000000000000000111111
11111100000000000000000111111
11111100000000000000000111111
01111100000000000000000111111
01111110000000000000000111110
00111111000000000000001111110
00011111100000000000011111100
00001111111100000011111111000
00000111111111111111111110000
00000001111111111111111000000
00000000011111111111000000000
