13
11111111111111111111111111111
11111111111111111111111111111
11111111111111111111111111111
11010101101011010101111111110
00000000000000000000011111100
00000000000000000001111111000
00000000000000000011111100000
00000000000000000011111000000
00000000000000001111111000000
00000000000000011111110000000
00000000000000011111100000000
00000000000000111111000000000
00000000000001111110000000000
00000000000011111100000000000
00000000000111111100000000000
00000000000111111000000000000
00000000001111110000000000000
00000000001111110000000000000
00000000011111100000000000000
00000000011111100000000000000
00000000111111000000000000000
00000000111111000000000000000
00000000111110000000000000000
00000001111110000000000000000
00000001111100000000000000000
00000001111110000000000000000
00000011111100000000000000000
00000001111100000000000000000
00000011111100000000000000000
01111111111111111111111111100
11111111111111111111111111111
11111111111111111111111111111
00111011111110111111111111110
00000000000000000000111111100
00000000000000000001111111000
00000000000000000011111100000
00000000000000000111111000000
00000000000000001111111000000
00000000000000011111110000000
00000000000000011111000000000
00000000000000111111000000000
00000000000001111110000000000
00000000000001111110000000000
00000000000011111100000000000
00000000000111111000000000000
00000000000111111000000000000
00000000001111110000000000000
00000000001111100000000000000
00000000011111100000000000000
00000000011111000000000000000
00000000111111000000000000000
00000000111110000000000000000
00000001111110000000000000000
00000011111100000000000000000
00000011111100000000000000000
00000011111000000000000000000
00000111110000000000000000000
00000011110000000000000000000
11111111111111111111111111111
11111111111111111111111111111
11100000000000000000000000111
11100000000000000000000001111
11100000000000000000000001110
00000000000000000000000011110
00000000000000000000000011100
00000000000000000000000111100
00000000000000000000000111000
00000000000000000000001111000
00000000000000000000001110000
00000000000000000000011100000
00000000000000000000011100000
00000000000000000000111000000
00000000000000000000111000000
00000000000000000001111000000
00000000000000000001110000000
00000000000000000011110000000
00000000000000000011100000000
00000000000000000111000000000
00000000000000000111000000000
00000000000000001110000000000
00000000000000001110000000000
00000000000000011110000000000
00000000000000111100000000000
00000000000000111100000000000
00000000000000111000000000000
00000000000001110000000000000
00000000000001110000000000000
11111111111111111111111111111
11111111111111111111111111111
11111111111111111111111111110
11111110101010010010101111100
11110000000000000000000111000
11100000000000000000001111000
11000000000000000000011110000
11000000000000000000111100000
00000000000000000001111000000
00000000000000000001110000000
00000000000000000011110000000
00000000000000000111100000000
00000000000000001111000000000
00000000000000001110000000000
00000000000000111100000000000
00000000000000111100000000000
00000000000001111000000000000
00000000000011110000000000000
00000000000111110000000000000
00000000000111000000000000000
00000000001111000000000000000
00000000011110000000000000000
00000000111100000000000000000
00000001111000000000000000000
00000001110000000000000000000
00000011110000000000000000000
00000111100000000000000000000
00001111000000000000000000000
00001111000000000000000000000
11111111111111111111111111111
11111111111111111111111111111
11110000000000000000000000111
11100000000000000000000001111
11100000000000000000000011110
00000000000000000000000011110
00000000000000000000000011100
00000000000000000000000111100
00000000000000000000000111000
00000000000000000000001111000
00000000000000000000001110000
00000000000000000000011110000
00000000000000000000011100000
00000000000000000000111100000
00000000000000000000111000000
00000000000000000001111000000
00000000000000000001110000000
00000000000000000011110000000
00000000000000000011100000000
00000000000000000111100000000
00000000000000000111000000000
00000000000000001111000000000
00000000000000001110000000000
00000000000000011110000000000
00000000000000011100000000000
00000000000000111100000000000
00000000000000111000000000000
00000000000001111000000000000
00000000000001110000000000000
11111111111111111111111111111
11111111111111111111111111111
11111111111111111111111111111
11111111111111111111111111111
11111111111111111111111111111
00100000000000011111111111111
00000000000000111111111111111
00000000000000111111111111111
00000000000000111111111111110
00000000000001111111111111110
00000000000001111111111111100
00000000000011111111111111100
00000000000011111111111111000
00000000000111111111111111000
00000000000111111111111111000
00000000001111111111111110000
00000000001111111111111110000
00000000001111111111111100000
00000000011111111111111100000
00000000111111111111111000000
00000000111111111111111000000
00000000111111111111111000000
00000001111111111111110000000
00000001111111111111110000000
00000011111111111111100000000
00000011111111111111100000000
00000111111111111111000000000
00000111111111111111000000000
00001111111111111111000000000
11111111111111111111111111111
11111111111111111111111111111
11111111111111111111111111111
10111011111010111011111111111
00000000000000000000001111110
00000000000000000000011111100
00000000000000000000111111000
00000000000000000001111110000
00000000000000000011111100000
00000000000000000011111000000
00000000000000001111110000000
00000000000000001111100000000
00000000000000011111000000000
00000000000001111111000000000
00000000000001111110000000000
00000000000011111100000000000
00000000000111111000000000000
00000000001111110000000000000
00000000011111110000000000000
00000000111111100000000000000
00000001111111000000000000000
00000001111111000000000000000
00000011111110000000000000000
00000111111110000000000000000
00001111111100000000000000000
00001111111100000000000000000
00011111111000000000000000000
00011111111000000000000000000
00011111110000000000000000000
11111111111111111111111111111
11111111111111111111111111111
11111111111111111111111111111
10111011110110111011111111111
00000000000000000000001111110
00000000000000000000001111100
00000000000000000000111111000
00000000000000000000111110000
00000000000000000001111100000
00000000000000000111111000000
00000000000000000111110000000
00000000000000001111100000000
00000000000000111111000000000
00000000000000111110000000000
00000000000001111110000000000
00000000000011111000000000000
00000000000111111000000000000
00000000001111110000000000000
00000000011111100000000000000
00000000111111100000000000000
00000001111111000000000000000
00000001111110000000000000000
00000011111100000000000000000
00000111111100000000000000000
00001111111000000000000000000
00001111111000000000000000000
00011111110000000000000000000
00011111110000000000000000000
00011111110000000000000000000
11111111111111111111111111111
11111111111111111111111111111
11111111111111111111111111110
11111111111011011011101111100
11100000000000000000000111000
11100000000000000000001111000
11000000000000000000011100000
11000000000000000000111100000
11000000000000000001111000000
00000000000000000001110000000
00000000000000000111100000000
00000000000000000111000000000
00000000000000001110000000000
00000000000000011110000000000
00000000000000111100000000000
00000000000001111000000000000
00000000000011110000000000000
00000000000111100000000000000
00000000001111100000000000000
00000000011111000000000000000
00000000111110000000000000000
00000001111100000000000000000
00000001111100000000000000000
00000111111000000000000000000
00001111110000000000000000000
00001111110000000000000000000
00111111100000000000000000000
01111111000000000000000000000
01111111000000000000000000000
11111111111111111111111111111
11111111111111111111111111111
11111111111111111111111111111
00100100010000100100010111111
00000000000000000000000111111
00000000000000000000001111110
00000000000000000000011111100
00000000000000000000111111000
00000000000000000000111111000
00000000000000000011111110000
00000000000000000011111100000
00000000000000000111111000000
00000000000000001111110000000
00000000000000011111110000000
00000000000000011111100000000
00000000000000111111000000000
00000000000001111110000000000
00000000000011111100000000000
00000000000111111100000000000
00000000000111111000000000000
00000000001111110000000000000
00000000011111100000000000000
00000000111111000000000000000
00000001111111000000000000000
00000011111110000000000000000
00000111111100000000000000000
00000111111000000000000000000
00001111110000000000000000000
00011111110000000000000000000
00001111111111111111111111111
00011111111111111111111111111
00011111111111111111111111110
00111111101001011010101111100
01110000000000000000000111100
01100000000000000000001111000
10000000000000000000001111000
00000000000000000000011110000
00000000000000000000011110000
00000000000000000000111100000
00000000000000000000111100000
00000000000000000001111000000
00000000000000000011111000000
00000000000000000011110000000
00000000000000000011100000000
00000000000000000111100000000
00000000000000000111000000000
00000000000000001111000000000
00000000000000011110000000000
00000000000000011110000000000
00000000000000111100000000000
00000000000000111100000000000
00000000000001111000000000000
00000000000001111000000000000
00000000000011110000000000000
00000000000011110000000000000
00000000000111100000000000000
00000000001111000000000000000
00000000001111000000000000000
11111111111111111111111111111
11111111111111111111111111111
11111111111111111111111111110
10111011111010110111111111110
00000000000000000000111111100
00000000000000000000111111000
00000000000000000001111110000
00000000000000000011111100000
00000000000000000111111100000
00000000000000000111111000000
00000000000000001111110000000
00000000000000011111100000000
00000000000000111111100000000
00000000000000111111000000000
00000000000001111110000000000
00000000000011111110000000000
00000000000111111100000000000
00000000000111111000000000000
00000000001111111000000000000
00000000011111110000000000000
00000000011111100000000000000
00000000111111100000000000000
00000001111111000000000000000
00000001111110000000000000000
00000011111110000000000000000
00000011111100000000000000000
00000111111100000000000000000
00001111111000000000000000000
00001111111000000000000000000
11111111111111111111111111111
11111111111111111111111111111
11111111111111111111111111111
00100100010000100100010111111
00000000000000000000000111111
00000000000000000000001111110
00000000000000000000011111100
00000000000000000000011111100
00000000000000000000111111000
00000000000000000001111110000
00000000000000000011111100000
00000000000000000011111000000
00000000000000000111111000000
00000000000000001111110000000
00000000000000011111100000000
00000000000000111111000000000
00000000000000111111000000000
00000000000001111110000000000
00000000000011111100000000000
00000000000111111000000000000
00000000001111110000000000000
00000000011111110000000000000
00000000011111100000000000000
00000000111111000000000000000
00000001111110000000000000000
00000011111110000000000000000
00000111111100000000000000000
00000111111000000000000000000
00001111110000000000000000000
