13
00000000101111111111000000000
00000001111111111111111000000
00001111111111111111111100000
00001111111000000011111110000
00011111100000000000111111100
00111111000000000000011111100
00111111000000000000001111100
00111110000000000000001111100
00111111000000000000001111100
00111111000000000000011111100
00011111100000000000111111000
00001111111110000111111110000
00000011111111111111111000000
00000001111111111111111000000
00001111111101111111111110000
00111111110000000000111111000
01111111000000000000011111110
01111100000000000000001111110
11111100000000000000000111111
11111100000000000000000011111
11111000000000000000000011111
11111100000000000000000111111
11111100000000000000000111111
01111110000000000000001111110
00111111000000000000011111110
00111111110000000001111111000
00001111111111111111111110000
00000011111111111111111000000
00000000101111111111000000000
00000000011111111111000000000
00000001111111111111111000000
00000111111111111111111110000
00001111111101000111111110000
00011111100000000000111111000
00111111000000000000011111000
00111110000000000000011111100
01111110000000000000011111100
01111110000000000000011111100
00111111000000000000111111000
00111111100000000001111111000
00011111111110011111111110000
00001111111111111111111000000
00000011111111111111110000000
00001111111111111111111110000
00011111111110000111111111000
00111111100000000001111111100
01111111000000000000011111110
11111100000000000000001111111
11111100000000000000000111111
11111000000000000000000111111
11111100000000000000000111111
11111100000000000000000111111
11111100000000000000001111111
01111111000000000000011111110
00111111111010000101111111100
00011111111111111111111110000
00000111111111111111111100000
00000000111111111111000000000
00000000101111111111000000000
00000001111111111111111000000
00001111110000000000111100000
00011110000000000000001111000
00111100000000000000000111100
01111000000000000000000011110
01110000000000000000000001110
01110000000000000000000001110
01110000000000000000000001110
01111000000000000000000011110
00111100000000000000000111100
00011110000000000000001111000
00000111111000000011111110000
00000011111111111111110000000
00000011111111111111111000000
00001111100000000000111110000
00011110000000000000001111100
00111000000000000000000011100
11110000000000000000000001110
11110000000000000000000001111
11100000000000000000000000111
11100000000000000000000000111
11110000000000000000000001111
01110000000000000000000001110
01111000000000000000000011110
00111110000000000000001111000
00001111110000000000111110000
00000011111111111111111000000
00000000011111111111000000000
00000000001111111111000000000
00000001111110111111111000000
00000111110000000001111110000
00001111100000000000111111000
00011111000000000000011111100
00111111000000000000011111100
00111110000000000000001111100
00111111000000000000001111110
00111111000000000000001111100
00111111100000000000011111100
00011111111000000000011111000
00001111111110000000111110000
00000111111111110011111000000
00000001111111111111110000000
00000000111111111111110000000
00000111110001111111111110000
00011111000000001111111111100
00111110000000000001111111110
01111100000000000000011111110
11111100000000000000001111111
11111100000000000000000111111
11111100000000000000000111111
11111100000000000000000111111
11111100000000000000000111110
01111110000000000000001111110
00111111000000000000001111000
00011111110000000000111110000
00000111111111101111111100000
00000000111111111110000000000
00000000011111111111000000000
00000001111111111111111000000
00001111111000000001111110000
00011111000000000000011111000
00111100000000000000000111100
01111000000000000000000011110
01110000000000000000000001110
01110000000000000000000001110
01110000000000000000000001110
01111000000000000000000011110
00111100000000000000000111100
00011111000000000000001111000
00000111111000000011111110000
00000001111111111111110000000
00000001111111111111110000000
00001111111000000001111110000
00011110000000000000001111100
00111100000000000000000011100
11110000000000000000000001110
11110000000000000000000001111
11110000000000000000000000111
11100000000000000000000000111
11110000000000000000000001111
01110000000000000000000011110
01111100000000000000000111110
00011110000000000000001111000
00001111110000000001111110000
00000011111111111111111000000
00000000011111111111000000000
00000000111111111111100000000
00000111111111111111111110000
00011111111111111111111111000
00111111111111111111111111100
01111111111111001111111111110
01111111111100000111111111110
11111111111100000111111111111
11111111111100000111111111111
11111111111100000111111111110
01111111111100000111111111110
00111111111110001111111111110
00011111111111111111111111000
00001111111111111111111100000
00011111111111111111111111000
01111111111111111111111111100
01111111111111011111111111110
11111111111100000111111111111
11111111111100000111111111111
11111111111100000111111111111
11111111111100000111111111111
11111111111100000111111111111
11111111111100000111111111111
11111111111100000111111111111
11111111111100000111111111111
01111111111110001111111111110
00111111111111111111111111110
00011111111111111111111111000
00000111111111111111111100000
00000000111111111111100000000
00000000011111111111100000000
00000001111111111111111100000
00000111111111111111111111000
00001111111000000001111111000
00011111100000000000011111100
00111111000000000000011111100
00111111000000000000001111100
00011111000000000000001111100
00011111100000000000011111000
00011111111000000000111111000
00001111111100000001111100000
00000111111111100111111000000
00000001111111111111100000000
00000001111111111111000000000
00000011111111111111110000000
00001111111000111111111110000
00111111100000000111111111000
00111111000000000001111111110
01111110000000000000111111110
11111100000000000000001111111
11111100000000000000000111111
11111100000000000000000111111
11111110000000000000000111111
11111110000000000000001111110
01111111000000000000011111110
00111111110000000000111111100
00011111111111011111111110000
00000111111111111111111000000
00000000111111111110100000000
00000000011111111111100000000
00000001111111111111111100000
00000111111111111111111110000
00001111110000000001111111000
00011111100000000000011111100
00011111000000000000011111100
00111111000000000000001111100
00111111000000000000001111100
00111111100000000000011111000
00011111110000000000111111000
00001111111100000001111100000
00000111111111100111111000000
00000001111111111111100000000
00000000111111111111000000000
00000011111111111111110000000
00001111111000111111111110000
00011111100000001111111111000
00111111000000000001111111110
01111100000000000000011111110
11111100000000000000001111111
11111100000000000000000111111
11111100000000000000000111111
11111100000000000000000111111
11111110000000000000000111110
01111111000000000000001111110
00111111110000000000111111100
00011111111111011111111110000
00000111111111111111111100000
00000000111111111111000000000
00000000001111111111100000000
00000011111101010111111100000
00000111100000000000111110000
00001110000000000000011111000
00111110000000000000001111100
00111110000000000000001111100
01111110000000000000000111100
00111110000000000000001111100
00111111000000000000001111000
00111111100000000000011110000
00111111111100000000111100000
00001111111111100011110000000
00000111111111111111000000000
00000000111111111111110000000
00000000111111111111111110000
00000111110000111111111111000
00001111000000000011111111110
00111100000000000000111111110
01111100000000000000001111111
11111000000000000000000111111
11111000000000000000000011111
11110000000000000000000011111
11111000000000000000000111110
11111000000000000000000111110
01111100000000000000000111100
01111110000000000000001111000
00011111000000000000111100000
00000111111101011111110000000
00000001111111111100000000000
00000000011111111111000000000
00000011111111111111111000000
00001111111111111111111110000
00011111110000000001111111000
00111111000000000000011111100
01111111000000000000001111110
01111110000000000000001111110
01111110000000000000001111110
01111111000000000000001111110
00111111100000000000001111100
00111111110000000000011111000
00011111111110000000111110000
00000111111111111011111100000
00000001111111111111110000000
00000111111011111111111000000
00011111100000011111111111000
00111111000000000001111111100
01111110000000000000111111110
01111110000000000000001111111
11111100000000000000000111111
11111100000000000000000111111
11111100000000000000000111111
11111110000000000000001111111
01111110000000000000001111110
01111111100000000000011111110
00111111111000000001111111000
00001111111111111111111110000
00000011111111111111111000000
00000000101111111111000000000
00000000111111111111000000000
00000111111000100011111100000
00001111000000000000111110000
00111110000000000000001111100
01111100000000000000001111100
01111100000000000000000111110
01111110000000000000000111110
01111110000000000000001111110
01111111000000000000001111100
00111111110000000000111110000
00011111111100000001111100000
00001111111111000111100000000
00000011111111111110000000000
00000000111111111110000000000
00000000011111111111100000000
00000000111011111111111000000
00000111110000011111111110000
00001111000000001111111111000
00111110000000000001111111110
01111100000000000000111111110
11111100000000000000001111111
11111100000000000000000111111
11111100000000000000000111111
11111100000000000000000011111
01111110000000000000000011110
00111110000000000000000111100
00011111000000000000011111000
00000111111110000001111000000
00000000111111111111100000000
00000000011111111111000000000
00000011111111111111111000000
00001111111111111111111110000
00011111111001000111111111000
00111111100000000000111111100
00111111000000000000011111100
00111111000000000000011111100
00111111100000000000011111100
00111111100000000000111111100
00011111111000000000111111000
00001111111110000011111110000
00000111111111100111111100000
00000001111111111111111000000
00000001111111111111100000000
00000111111111111111111000000
00011111111000001111111110000
00111111100000000001111111100
01111111000000000000111111110
01111110000000000000001111110
11111110000000000000001111111
11111100000000000000000111111
11111110000000000000001111111
11111110000000000000001111111
11111110000000000000001111110
01111111100000000000111111110
00111111111100010111111111100
00011111111111111111111110000
00000111111111111111111100000
00000000111111111111000000000
00000000011111111111000000000
00000011111111111111111000000
00001111111111111111111110000
00011111110000000000111111000
00111111000000000000011111100
00111110000000000000001111100
01111110000000000000001111110
01111110000000000000000111110
01111110000000000000001111110
00111111000000000000001111100
00011111110000000000011111000
00011111111110000000111110000
00000111111111111011111100000
00000001111111111111110000000
00000111111011111111111000000
00011111100000011111111111000
00111111000000000001111111100
01111100000000000000011111110
01111100000000000000001111111
11111100000000000000000111111
11111100000000000000000111111
11111100000000000000000011111
11111100000000000000000111111
01111110000000000000001111110
01111111000000000000011111110
00111111110000000001111111000
00001111111111111111111110000
00000011111111111111111000000
00000000111111111111000000000
