13
00000000011111111110000000000
00000011111111111111110000000
00001111111111111111111100000
00011111111000000011111110000
00111111000000000000111111000
01111111000000000000011111100
01111100000000000000001111110
11111100000000000000001111110
11111000000000000000000111111
11111100000000000000000111110
11111100000000000000000111111
11111100000000000000001111111
11111100000000000000001111111
01111110000000000000011111111
01111111000000000000111111111
00011111111100000111111111111
00001111111111111111110111111
00000011111111111111000011111
00000000011111111000000111111
00000000000000000000000111110
00000000000000000000000111110
00000000000000000000001111110
01111100000000000000011111100
01111110000000000000011111000
00111111000000000000111110000
00111111100000000111111110000
00001111111111111111111000000
00000111111111111111110000000
00000000111111111100000000000
00000000011111111111000000000
00000011111111111111111000000
00001111111111111111111100000
00011111110000000111111111000
00111111000000000000111111100
01111110000000000000011111110
11111100000000000000001111110
11111100000000000000000111111
11111100000000000000000111111
11111000000000000000000011111
11111100000000000000000011111
11111100000000000000000111111
01111110000000000000001111111
01111111000000000000111111111
00111111111110011111111111110
00001111111111111111111111110
00000011111111111111111111100
00000000011111111100011111100
00000000000000000000111111000
00000000000000000001111111000
00000000000000000011111110000
00000000000000000111111100000
00000000000000011111111000000
00000000000001111111100000000
00000000010111111111000000000
00000111111111111100000000000
00011111111111100000000000000
00011111111100000000000000000
00011111100000000000000000000
00000000111111111100000000000
00000011111111111111100000000
00001111100000000011111000000
00011110000000000000111100000
00111100000000000000001110000
01110000000000000000000111000
11110000000000000000000111100
11100000000000000000000011100
11100000000000000000000011110
11100000000000000000000001110
11100000000000000000000011111
11110000000000000000000111111
01110000000000000000001111111
00111100000000000000011110111
00011110000000000001111101111
00001111101000001111110000111
00000011111111111111000000111
00000000001111111000000001111
00000000000000000000000001111
00000000000000000000000001110
00000000000000000000000011110
00000000000000000000000111100
00000000000000000000001111000
00000000000000000000111110000
00000000000000000001111000000
00000000000000000111110000000
01000000000010111111000000000
11111111111111111000000000000
00111111111110000000000000000
00000000011111111111000000000
00000001111111011111110000000
00001111110000000011111100000
00011111100000000000111110000
00111111000000000000111111100
01111110000000000000011111100
01111110000000000000001111110
11111110000000000000001111110
11111100000000000000001111111
11111110000000000000001111111
11111110000000000000000111111
11111110000000000000001111111
01111110000000000000001111111
01111111000000000000001111111
00111111100000000000011111111
00011111111000000001111111110
00000111111111111111101111110
00000001111111111100001111110
00000000000001000000011111100
00000000000000000000011111000
00000000000000000000111111000
00000000000000000001111110000
00000000000000000011111100000
00000000000000000111110000000
00000000000000011111100000000
00000000000001111110000000000
00000000001111111000000000000
00000011111111000000000000000
00000111110000000000000000000
00000000111111111100000000000
00000011111111111111100000000
00001111101000000111111000000
00011110000000000000111100000
00111100000000000000011111000
01111000000000000000000111000
11110000000000000000000011100
11110000000000000000000011110
11110000000000000000000001110
11100000000000000000000001111
11110000000000000000000011111
11110000000000000000000111111
01111000000000000000001111111
00111110000000000000111101111
00011111000000000011111000111
00000111111110111111110001111
00000001111111111110000001111
00000000000101000000000001110
00000000000000000000000011110
00000000000000000000000011110
00000000000000000000000111100
00000000000000000000001111000
00000000000000000000011110000
00000000000000000001111100000
00000000000000000011111000000
00000000000000011111100000000
01100000000111111110000000000
11111111111111111000000000000
00111111111101000000000000000
00000000111111111111000000000
00000111111111111111111100000
00011111111111111111111111000
01111111111111111111111111100
01111111111111001111111111110
11111111111100000111111111111
11111111111100000111111111111
11111111111100000111111111111
11111111111100000111111111111
11111111111100000111111111111
11111111111100000111111111111
11111111111100000111111111111
11111111111100000111111111111
11111111111100000111111111111
11111111111110001111111111111
01111111111111111111111111111
01111111111111111111111111111
00011111111111111111111111111
00000111111111000111111111111
00000000000000000111111111111
00000000000000000111111111111
11111111111100000111111111111
11111111111100000111111111111
01111111111100000111111111110
01111111111110001111111111110
01111111111111111111111111100
00011111111111111111111111000
00000111111111111111111100000
00000000111111111111000000000
00000000011111111110000000000
00000011111111111111110000000
00001111111111111111111100000
00011111110000000011111110000
00111111000000000001111111000
01111110000000000000111111100
01111110000000000000011111100
11111100000000000000001111110
11111100000000000000001111110
11111100000000000000001111111
11111100000000000000001111111
11111100000000000000001111111
01111110000000000000011111111
01111111000000000000111111111
00111111100000000001111111111
00011111111100100111111111111
00000111111111111111001111111
00000001111111111100001111111
00000000000001000000000111110
00000000000000000000001111110
00000000000000000000011111110
00000000000000000000011111100
00000000000000000000111111000
00000000000000000001111111000
00000000000000000011111100000
00010100000000001111111100000
00111111111111111111110000000
00011111111111111111000000000
00001101111111111000000000000
00000000011111111110000000000
00000011111111111111110000000
00001111111111111111111100000
00011111100000000011111110000
00111111000000000000111111000
01111110000000000000011111100
01111100000000000000011111100
11111100000000000000001111110
11111100000000000000001111110
11111100000000000000001111111
11111100000000000000000111111
11111100000000000000001111111
11111110000000000000001111111
01111110000000000000011111111
00111111000000000000111111111
00011111111000000011111111111
00001111111111111111100111111
00000001111111111110001111111
00000000000111000000000111110
00000000000000000000001111110
00000000000000000000001111100
00000000000000000000011111100
00000000000000000000111111000
00000000000000000000111110000
00000000000000000011111110000
00111000000000001111111000000
00111111111111111111110000000
00011111111111111111000000000
00010111111111110000000000000
00000000011111111111000000000
00000001111101011111111000000
00001111110000000001111110000
00011111000000000000111111000
00111110000000000000001111100
01111100000000000000001111110
01111100000000000000001111110
11111100000000000000000111111
11111100000000000000000111111
11111100000000000000000111111
11111100000000000000000111111
11111100000000000000000111111
11111110000000000000001111111
01111111000000000000011111111
00111111110000000001111111111
00011111111111011111101111111
00000111111111111110001111110
00000000011111100000001111100
00000000000000000000011111100
00000000000000000000011111000
00000000000000000000111110000
00000000000000000001111100000
00000000000000000111111000000
00000000000000001111100000000
00000000000000011111000000000
00000000000011111000000000000
00000000011111100000000000000
00000011111110000000000000000
00011111100000000000000000000
00000000011111111110000000000
00000011111111111111110000000
00001111111111111111111100000
00011111111000000111111110000
00111111100000000000111111000
01111111000000000000011111100
01111110000000000000011111110
11111100000000000000001111110
11111100000000000000001111111
11111100000000000000000111111
11111110000000000000000111111
11111100000000000000000111111
11111110000000000000000111111
01111111000000000000001111111
00111111110000000000011111111
00011111111110111111111111111
00001111111111111111111111111
00000001111111111111000111110
00000000000001000000001111110
00000000000000000000001111110
00000000000000000000011111100
00000000000000000000011111100
00000000000000000000111111000
00000000000000000001111110000
00000000000000000111111100000
00001100100001111111111000000
00001111111111111111100000000
00001111111111111110000000000
00001111111111100000000000000
00000000010111111110000000000
00000011111110011111110000000
00000111100000000011111100000
00011110000000000001111110000
00111110000000000000111111000
00111110000000000000011111100
01111100000000000000011111110
11111100000000000000001111110
11111100000000000000001111111
11111100000000000000001111111
11111100000000000000001111111
11111110000000000000000111111
11111110000000000000001111111
01111111000000000000001111111
00111111100000000000001111111
00011111111000000001111111110
00001111111111111111011111110
00000001111111110000111111100
00000000000000000000111111100
00000000000000000001111111000
00000000000000000011111110000
00000000000000000011111100000
00000000000000000111111000000
00000000000000011111100000000
00000000000000111111000000000
00000000000001111100000000000
00000000000111110000000000000
00000000111110000000000000000
00111111100000000000000000000
00000000111111111110000000000
00000011111111111111111000000
00001111111111111111111100000
00111111111000100111111111000
00111111100000000000111111100
01111111000000000000011111100
11111110000000000000001111110
11111110000000000000001111110
11111110000000000000001111111
11111100000000000000001111111
11111110000000000000001111111
11111110000000000000001111111
01111111000000000000011111111
01111111100000000000111111111
00111111111010000111111111111
00001111111111111111111111110
00000111111111111111111111110
00000000011111111110011111110
00000000000000000000111111100
00000000000000000001111111000
00000000000000000011111110000
00000000000000001111111100000
00000000000000011111111000000
00000000000000111111110000000
00000000000011111111100000000
00000000000111111110000000000
00000000111111111100000000000
00000000111111110000000000000
00000000001110000000000000000
00000000011111111110000000000
00000011111111111111110000000
00001111111111111111111100000
00011111110100001011111110000
00111111000000000000111111000
01111110000000000000011111100
01111100000000000000001111110
11111100000000000000001111110
11111000000000000000000111111
11111100000000000000000111111
11111100000000000000000011111
11111100000000000000000111111
11111110000000000000000111111
01111110000000000000000111111
00111111100000000000011111111
00011111111110111111111111111
00000111111111111111111111111
00000001111111111111000111110
00000000000001000000000111110
00000000000000000000001111110
00000000000000000000001111100
00000000000000000000011111100
00000000000000000000111111000
00000000000000000001111110000
00000000000000000111111100000
00001100010001111111111000000
00001111111111111111100000000
00001111111111111110000000000
00001111111111100000000000000
