0.999865 0.000555 0.000000
0.999758 0.001267 0.000000
0.999816 0.000971 0.000000
0.000086 1.000000 0.000000
0.000021 1.000000 0.000000
0.000013 1.000000 0.000000
0.000007 0.999988 0.000001
0.000008 0.999999 0.000000
0.000002 0.999841 0.000019
0.999655 0.001877 0.000000
0.999867 0.000542 0.000000
0.999767 0.000169 0.000000
0.999736 0.000617 0.000000
0.000000 0.000042 0.999996
0.000000 0.000040 0.999997
0.000000 0.000535 0.999809
0.000000 0.000129 0.999982
0.000000 0.000195 0.999974
0.000003 0.999996 0.000000
0.000331 1.000000 0.000000
0.000041 1.000000 0.000000
0.000004 0.999989 0.000000
0.000052 1.000000 0.000000
0.000012 1.000000 0.000000
0.999811 0.000700 0.000000
0.999596 0.003064 0.000000
0.999793 0.001722 0.000000
0.999882 0.000398 0.000000
0.000000 0.000030 0.999997
0.000000 0.003846 0.997728
0.000000 0.000295 0.999934
0.000000 0.000173 0.999964
0.000000 0.000117 0.999983
0.000000 0.000050 0.999995
0.000006 0.999999 0.000000
0.000097 1.000000 0.000000
0.000077 1.000000 0.000000
0.000014 1.000000 0.000000
0.000001 0.981715 0.009309
0.999883 0.000186 0.000000
0.999828 0.000385 0.000000
0.999835 0.000216 0.000000
0.999837 0.000300 0.000000
0.999781 0.000628 0.000000
0.999847 0.000533 0.000000
0.999862 0.000568 0.000000
0.999637 0.001733 0.000000
0.999623 0.001977 0.000000
0.999755 0.000259 0.000000
0.999919 0.000522 0.000000
------------------------
0.999929 0.000336 0.000000
0.999793 0.001722 0.000000
0.999873 0.000750 0.000000
0.999907 0.000455 0.000000
0.999793 0.001722 0.000000
0.999721 0.001797 0.000000
0.999823 0.000645 0.000000
0.999848 0.000404 0.000000
0.999072 0.012014 0.000000
0.999773 0.001240 0.000000
0.999339 0.000206 0.000000
0.999500 0.000343 0.000000
0.999654 0.001069 0.000000
0.999846 0.000438 0.000000
0.999756 0.001201 0.000000
0.999876 0.000421 0.000000
0.999831 0.000730 0.000000
0.000108 1.000000 0.000000
0.000002 0.999834 0.000028
0.000276 1.000000 0.000000
0.000120 1.000000 0.000000
0.000001 0.998852 0.000260
0.999731 0.000973 0.000000
0.999803 0.001917 0.000000
0.999852 0.002114 0.000000
0.999946 0.000393 0.000000
0.999899 0.000125 0.000000
0.000151 1.000000 0.000000
0.000004 0.999995 0.000001
0.000083 1.000000 0.000000
0.000000 0.959368 0.035124
0.000141 1.000000 0.000000
0.000001 0.934407 0.048365
0.000000 0.050523 0.969716
0.000000 0.000853 0.999856
0.000000 0.005368 0.998389
0.000000 0.000051 0.999995
0.000000 0.030710 0.965641
0.000000 0.000311 0.999923
0.000000 0.000472 0.999941
0.000003 0.999945 0.000007
0.001617 1.000000 0.000000
0.000077 1.000000 0.000000
0.000235 1.000000 0.000000
0.000138 1.000000 0.000000
0.000000 0.000138 0.999974
0.000000 0.000036 0.999996
0.000000 0.000032 0.999997
0.000000 0.000219 0.999952
0.000000 0.003434 0.998934
------------------------
0.000000 0.000396 0.999863
0.000000 0.000685 0.999874
0.000000 0.001709 0.999345
0.000005 0.999999 0.000000
0.000065 1.000000 0.000000
0.000373 1.000000 0.000000
0.000007 0.999999 0.000000
0.000025 1.000000 0.000000
0.000013 1.000000 0.000000
0.000056 1.000000 0.000000
0.002439 1.000000 0.000000
0.000022 1.000000 0.000000
0.000000 0.000026 0.999998
0.000000 0.000138 0.999974
0.000000 0.000093 0.999987
0.000000 0.000118 0.999979
0.000000 0.000079 0.999985
0.000000 0.000256 0.999926
0.000000 0.000063 0.999992
0.000000 0.000023 0.999999
0.000000 0.014401 0.993457
0.999773 0.000229 0.000000
0.999915 0.000795 0.000000
0.999258 0.000540 0.000000
0.999413 0.002737 0.000000
0.999639 0.001928 0.000000
0.999594 0.000442 0.000000
0.000000 0.000052 0.999993
0.000000 0.000154 0.999965
0.000000 0.000059 0.999995
0.000000 0.018702 0.987567
0.000000 0.000109 0.999979
0.000000 0.000307 0.999917
0.000000 0.014172 0.987363
0.000000 0.008822 0.992973
0.000000 0.000061 0.999993
0.000000 0.000748 0.999657
0.000001 0.997749 0.000721
0.000003 0.999959 0.000002
0.000019 1.000000 0.000000
0.000017 1.000000 0.000000
0.000016 1.000000 0.000000
0.000009 0.999999 0.000000
0.000002 0.998283 0.000196
0.000000 0.000083 0.999989
0.000000 0.000405 0.999879
0.000000 0.027085 0.974608
0.000000 0.000608 0.999813
0.000000 0.000041 0.999995
0.000000 0.004655 0.998301
