0.999356 0.000001 0.000000
0.998758 0.000036 0.000000
0.999160 0.000002 0.000000
0.998861 0.000002 0.000000
0.999426 0.000000 0.000000
0.999475 0.000000 0.000000
0.999283 0.000000 0.000000
0.999245 0.000001 0.000000
0.998565 0.000007 0.000000
0.998876 0.000016 0.000000
0.999436 0.000001 0.000000
0.999187 0.000000 0.000000
0.998792 0.000031 0.000000
0.999071 0.000004 0.000000
0.999560 0.000001 0.000000
0.999656 0.000000 0.000000
0.999555 0.000000 0.000000
0.999352 0.000001 0.000000
0.999424 0.000001 0.000000
0.999493 0.000000 0.000000
0.999105 0.000006 0.000000
0.999436 0.000000 0.000000
0.999516 0.000000 0.000000
0.998865 0.000001 0.000000
0.998832 0.000000 0.000000
0.998495 0.000051 0.000000
0.999146 0.000000 0.000000
0.999317 0.000001 0.000000
0.999264 0.000004 0.000000
0.998919 0.000001 0.000000
0.998740 0.000006 0.000000
0.999194 0.000004 0.000000
0.999602 0.000000 0.000000
0.999628 0.000000 0.000000
0.998876 0.000016 0.000000
0.999156 0.000013 0.000000
0.999321 0.000009 0.000000
0.998876 0.000016 0.000000
0.998903 0.000003 0.000000
0.999238 0.000002 0.000000
0.999387 0.000001 0.000000
0.995185 0.016484 0.000000
0.999170 0.000000 0.000000
0.999189 0.000000 0.000000
0.999287 0.000000 0.000000
0.998751 0.000014 0.000000
0.999474 0.000000 0.000000
0.999103 0.000001 0.000000
0.999443 0.000000 0.000000
0.999192 0.000003 0.000000
------------------------
0.001163 1.000000 0.000000
0.001359 1.000000 0.000000
0.000482 1.000000 0.000000
0.000047 0.999998 0.000000
0.000173 1.000000 0.000000
0.000259 0.999821 0.000003
0.001474 1.000000 0.000000
0.001430 1.000000 0.000000
0.000492 1.000000 0.000000
0.000822 1.000000 0.000000
0.000059 1.000000 0.000000
0.001250 1.000000 0.000000
0.000070 1.000000 0.000000
0.000233 0.999941 0.000001
0.003051 1.000000 0.000000
0.001362 1.000000 0.000000
0.000603 0.999670 0.000018
0.000811 1.000000 0.000000
0.000009 0.999993 0.000000
0.000477 1.000000 0.000000
0.000403 0.957829 0.034151
0.001183 1.000000 0.000000
0.000014 0.928922 0.044787
0.000154 0.999996 0.000000
0.000963 1.000000 0.000000
0.001047 1.000000 0.000000
0.000118 1.000000 0.000000
0.000110 0.998385 0.000057
0.000431 0.999999 0.000000
0.002619 1.000000 0.000000
0.000356 1.000000 0.000000
0.000610 1.000000 0.000000
0.001061 1.000000 0.000000
0.000019 0.000096 0.999995
0.000442 0.994593 0.001520
0.002394 1.000000 0.000000
0.000786 1.000000 0.000000
0.000025 1.000000 0.000000
0.001617 1.000000 0.000000
0.000203 1.000000 0.000000
0.000089 0.986815 0.000397
0.000663 1.000000 0.000000
0.000559 1.000000 0.000000
0.001049 1.000000 0.000000
0.000410 1.000000 0.000000
0.001448 1.000000 0.000000
0.001049 1.000000 0.000000
0.000918 1.000000 0.000000
0.006719 1.000000 0.000000
0.000881 1.000000 0.000000
------------------------
0.000018 0.000000 1.000000
0.000015 0.000004 1.000000
0.000019 0.000010 1.000000
0.000017 0.000003 1.000000
0.000017 0.000001 1.000000
0.000015 0.000005 1.000000
0.000012 0.000005 1.000000
0.000015 0.000034 1.000000
0.000009 0.000151 0.999999
0.000034 0.000000 1.000000
0.000126 0.016488 0.988326
0.000016 0.000055 0.999999
0.000025 0.000025 0.999999
0.000011 0.000005 1.000000
0.000014 0.000001 1.000000
0.000034 0.000003 1.000000
0.000025 0.000018 0.999999
0.000037 0.000000 1.000000
0.000008 0.000029 1.000000
0.000006 0.028910 0.998447
0.000027 0.000002 1.000000
0.000018 0.000002 1.000000
0.000011 0.000048 1.000000
0.000026 0.016315 0.991509
0.000032 0.000002 1.000000
0.000029 0.000047 0.999997
0.000045 0.026520 0.969070
0.000078 0.004876 0.997161
0.000014 0.000002 1.000000
0.000024 0.040319 0.981476
0.000013 0.000605 0.999984
0.000108 0.000471 0.999873
0.000014 0.000002 1.000000
0.000032 0.020815 0.980729
0.000011 0.000027 1.000000
0.000017 0.000123 0.999997
0.000028 0.000000 1.000000
0.000029 0.000008 1.000000
0.000108 0.028441 0.975908
0.000040 0.000299 0.999949
0.000022 0.000001 1.000000
0.000067 0.011582 0.992141
0.000015 0.000004 1.000000
0.000022 0.000001 1.000000
0.000025 0.000000 1.000000
0.000031 0.000053 0.999996
0.000012 0.001759 0.999884
0.000036 0.000117 0.999986
0.000040 0.000002 1.000000
0.000031 0.000012 1.000000
