------------------------0
0.011648 0.000626 0.001017 0.001553 0.004073 0.000288 0.003363 0.000291 0.000960 0.012033 0.000363 0.002567 0.000114 0.002448 0.003393 0.000208 0.001971 0.000078 0.000494 0.008454 0.000472 0.000439 0.009296 0.000620 0.501255 0.004793 0.000371 0.000142 0.000069 0.003332 0.000351 0.000089 0.000076 0.000387 0.000322 0.000001 0.000436 0.000141 0.000032 0.020820 0.000002 0.000017 0.016989 0.000331 0.000001 0.001429 0.000410 0.000197 0.002493 0.000722 0.337891 0.000326 0.017031 0.000668 0.000555 0.000125 0.017524 0.000318 0.001513 0.000484 0.001256 0.000331 
0.000005 0.902216 0.000196 0.000957 0.019006 0.000038 0.000030 0.000123 0.000014 0.000379 0.001480 0.000000 0.000002 0.000594 0.000001 0.000015 0.000007 0.000094 0.000013 0.004115 0.000003 0.007424 0.000624 0.014853 0.003420 0.000014 0.010855 0.000003 0.000001 0.002774 0.004089 0.000001 0.000024 0.000139 0.000001 0.000002 0.003790 0.000000 0.000000 0.000019 0.000000 0.000000 0.000314 0.002123 0.000000 0.002770 0.000016 0.000000 0.005394 0.003319 0.000000 0.000000 0.005435 0.000021 0.000035 0.000013 0.000007 0.000017 0.000015 0.000518 0.002678 0.000004 
0.000006 0.000303 0.935838 0.001684 0.000091 0.000046 0.000002 0.000187 0.000029 0.007048 0.001114 0.000005 0.003897 0.000334 0.000392 0.000011 0.004894 0.000002 0.001663 0.000259 0.000178 0.000568 0.001656 0.003002 0.000309 0.007595 0.000924 0.000501 0.000265 0.001413 0.000231 0.000483 0.000183 0.002854 0.000107 0.000076 0.002013 0.000021 0.000042 0.000111 0.001662 0.000000 0.000317 0.000098 0.000036 0.001544 0.000036 0.001743 0.006550 0.000021 0.000002 0.003307 0.002924 0.000218 0.000180 0.000011 0.000012 0.000015 0.000004 0.000052 0.000008 0.000924 
0.000039 0.004141 0.000572 0.917633 0.000253 0.000484 0.000355 0.000584 0.006928 0.004901 0.008655 0.002182 0.000048 0.000380 0.001000 0.000009 0.001403 0.000029 0.000058 0.009130 0.000194 0.000246 0.000924 0.001451 0.008077 0.000116 0.000070 0.000001 0.000197 0.000537 0.000342 0.000399 0.000013 0.000345 0.000081 0.000299 0.000363 0.004453 0.000000 0.001979 0.000006 0.000039 0.000916 0.000854 0.000000 0.006533 0.000004 0.000025 0.001134 0.000078 0.000115 0.000019 0.000383 0.000128 0.007274 0.000034 0.000105 0.000018 0.000144 0.000107 0.003174 0.000041 
0.000000 0.000067 0.000013 0.000002 0.951775 0.000002 0.000422 0.000035 0.003317 0.000011 0.000189 0.000067 0.000001 0.007524 0.000040 0.000304 0.000017 0.000049 0.001142 0.003121 0.000328 0.004353 0.000009 0.000010 0.002801 0.000351 0.000419 0.000009 0.000000 0.001631 0.000006 0.000214 0.000015 0.000624 0.000012 0.000000 0.008728 0.000000 0.000028 0.000003 0.000000 0.000007 0.000231 0.000024 0.000000 0.000919 0.005101 0.000001 0.000041 0.000018 0.000066 0.000001 0.004409 0.000245 0.000001 0.000031 0.000011 0.000110 0.000317 0.000277 0.000549 0.000000 
0.000001 0.000023 0.000006 0.000029 0.000012 0.923423 0.026754 0.000007 0.000220 0.000727 0.000064 0.010826 0.000002 0.001145 0.000006 0.002803 0.000715 0.000704 0.009089 0.007604 0.000010 0.000491 0.000470 0.000111 0.000391 0.000029 0.000028 0.000006 0.000454 0.000026 0.000113 0.000497 0.000226 0.000407 0.000255 0.000027 0.000172 0.000050 0.000000 0.000207 0.000202 0.005469 0.001739 0.000011 0.000006 0.000376 0.000517 0.000011 0.000131 0.001274 0.000189 0.000006 0.000012 0.000004 0.000523 0.000740 0.000474 0.000005 0.000031 0.000024 0.000110 0.000012 
0.000061 0.000078 0.000013 0.000106 0.001119 0.000795 0.876199 0.000004 0.016405 0.000173 0.000596 0.013935 0.000062 0.003620 0.008564 0.000573 0.000423 0.000569 0.007642 0.000520 0.000205 0.000112 0.001264 0.000152 0.005312 0.000144 0.000253 0.000013 0.001325 0.000399 0.000062 0.000253 0.000161 0.000493 0.000125 0.000004 0.000221 0.000797 0.000081 0.000013 0.000139 0.001591 0.047578 0.000285 0.000000 0.000027 0.001309 0.000062 0.000343 0.000380 0.002528 0.000022 0.000362 0.000034 0.000146 0.000100 0.001091 0.000024 0.000083 0.000033 0.001013 0.000006 
0.000000 0.000013 0.000054 0.000849 0.000255 0.000889 0.000010 0.847259 0.000005 0.001273 0.000071 0.000012 0.000126 0.000025 0.000123 0.050177 0.001643 0.000001 0.000244 0.000046 0.000026 0.000048 0.000094 0.000017 0.002051 0.001557 0.000233 0.001457 0.000009 0.000163 0.000029 0.002563 0.000640 0.000026 0.005592 0.001246 0.000083 0.000002 0.000277 0.000240 0.000006 0.014472 0.000006 0.000098 0.000014 0.008556 0.000134 0.000003 0.000098 0.000003 0.000007 0.000972 0.000428 0.001064 0.000025 0.019663 0.000516 0.000005 0.001399 0.013770 0.000172 0.019160 
0.000181 0.000028 0.000113 0.010518 0.002139 0.000028 0.008068 0.000003 0.900043 0.000103 0.013766 0.001490 0.000097 0.003757 0.011820 0.000040 0.000978 0.000065 0.000905 0.000261 0.000139 0.000365 0.000878 0.000462 0.002202 0.000077 0.000029 0.000002 0.000512 0.001788 0.000051 0.003244 0.000036 0.000151 0.000088 0.000022 0.000068 0.028025 0.000001 0.000058 0.000275 0.000212 0.000705 0.001910 0.000000 0.000045 0.000147 0.000028 0.001444 0.000107 0.000069 0.000121 0.000043 0.000093 0.001581 0.000008 0.000069 0.000033 0.000022 0.000002 0.000487 0.000001 
0.000110 0.000231 0.002949 0.003952 0.000122 0.000938 0.000174 0.000103 0.000038 0.904250 0.000153 0.001525 0.000015 0.000075 0.000128 0.000017 0.028929 0.000006 0.000481 0.005933 0.000146 0.000657 0.001209 0.000210 0.013962 0.004370 0.000920 0.000011 0.001059 0.000678 0.000174 0.001088 0.000102 0.000234 0.000287 0.000001 0.000633 0.000188 0.000000 0.009673 0.000001 0.000008 0.001473 0.000171 0.000000 0.001622 0.000102 0.000009 0.000696 0.000179 0.005345 0.001453 0.000427 0.000489 0.000547 0.000120 0.000823 0.000075 0.000401 0.000102 0.000137 0.000086 
0.000000 0.000121 0.000166 0.000010 0.002204 0.000038 0.000301 0.000006 0.000032 0.000008 0.000182 0.000040 0.000004 0.001641 0.000001 0.000799 0.000040 0.008987 0.002096 0.001606 0.000726 0.000029 0.000005 0.002155 0.000009 0.002125 0.005762 0.000035 0.000000 0.003905 0.000013 0.000000 0.000038 0.000027 0.000042 0.000000 0.942717 0.000000 0.000002 0.000011 0.000000 0.000046 0.000350 0.000173 0.000000 0.000554 0.000883 0.000208 0.000299 0.000162 0.000005 0.000000 0.000466 0.000351 0.000043 0.000004 0.000002 0.003319 0.000017 0.017186 0.000008 0.000040 
0.000012 0.000000 0.000234 0.013714 0.000012 0.000089 0.000207 0.000023 0.000835 0.000122 0.000627 0.004006 0.000025 0.000027 0.002507 0.000004 0.000578 0.000009 0.000112 0.000021 0.000060 0.000641 0.000852 0.001340 0.000047 0.000014 0.000002 0.000056 0.000437 0.000010 0.000042 0.000129 0.000064 0.000010 0.000349 0.000795 0.000005 0.936831 0.000000 0.007567 0.005936 0.001272 0.000042 0.003923 0.000012 0.000003 0.000015 0.001402 0.002990 0.000028 0.000000 0.003452 0.000003 0.002369 0.005993 0.000005 0.000057 0.000002 0.000003 0.000003 0.000010 0.000067 
------------------------C
0.000130 0.001462 0.002902 0.001618 0.005050 0.000205 0.004874 0.001406 0.000856 0.000645 0.000357 0.000735 0.179824 0.001615 0.006764 0.001938 0.010831 0.000029 0.000937 0.001149 0.000474 0.000006 0.005791 0.000992 0.644505 0.001083 0.001382 0.003355 0.001647 0.016795 0.000320 0.000684 0.000081 0.001851 0.000268 0.000068 0.001992 0.000049 0.003283 0.000733 0.000042 0.000110 0.051140 0.000045 0.000010 0.001628 0.001763 0.005028 0.000645 0.000251 0.001826 0.000164 0.012249 0.000730 0.001516 0.001039 0.006635 0.000609 0.001407 0.001681 0.001907 0.000889 
0.000032 0.000005 0.001167 0.001266 0.000047 0.001784 0.000009 0.001037 0.000001 0.003534 0.000122 0.002683 0.000017 0.000043 0.000017 0.000010 0.001821 0.000008 0.000016 0.000305 0.000026 0.001267 0.002894 0.001820 0.018181 0.001246 0.000001 0.004851 0.000030 0.000017 0.000171 0.000002 0.000039 0.000008 0.001468 0.000100 0.000042 0.005234 0.000000 0.928722 0.000004 0.000032 0.000009 0.000028 0.000058 0.003284 0.000035 0.003917 0.003146 0.000096 0.000111 0.002055 0.000179 0.003406 0.000110 0.000054 0.002150 0.000032 0.000057 0.000519 0.000012 0.000661 
0.000000 0.000001 0.001166 0.000002 0.000003 0.000668 0.000703 0.000003 0.000066 0.000013 0.000440 0.000053 0.000017 0.000096 0.000909 0.000216 0.000282 0.000029 0.002281 0.000002 0.000024 0.000013 0.001318 0.000589 0.000001 0.000009 0.000021 0.003575 0.002448 0.000013 0.000088 0.000114 0.000279 0.000174 0.000244 0.001823 0.000014 0.001697 0.000098 0.000013 0.937982 0.014318 0.000016 0.003162 0.006198 0.000000 0.002782 0.012491 0.001312 0.000059 0.000000 0.001082 0.000011 0.000498 0.000205 0.000063 0.000168 0.000001 0.000005 0.000002 0.000005 0.000137 
0.000000 0.000000 0.000006 0.000001 0.000016 0.000434 0.000723 0.001108 0.000109 0.000028 0.000054 0.000047 0.000001 0.000009 0.000209 0.007234 0.000096 0.000107 0.000501 0.000001 0.000128 0.000000 0.000550 0.000090 0.000000 0.000366 0.000131 0.007818 0.000085 0.000006 0.000004 0.000243 0.000517 0.000004 0.001902 0.000003 0.000029 0.000350 0.000616 0.000019 0.005170 0.912603 0.000003 0.032095 0.000002 0.000001 0.007732 0.000041 0.000116 0.000219 0.000000 0.011243 0.000018 0.001741 0.000770 0.001977 0.001329 0.000039 0.000389 0.000139 0.000017 0.000811 
0.000080 0.001814 0.001130 0.003314 0.001337 0.000103 0.005765 0.000056 0.000649 0.000566 0.000109 0.000468 0.068475 0.000300 0.000773 0.000127 0.000894 0.000012 0.002168 0.004251 0.000052 0.000006 0.003272 0.000407 0.066220 0.000182 0.000919 0.000042 0.003034 0.003121 0.000082 0.000389 0.000013 0.001126 0.000028 0.000017 0.000688 0.000103 0.000070 0.000024 0.000020 0.000009 0.811409 0.000017 0.000001 0.000238 0.000073 0.000583 0.000957 0.000199 0.000338 0.000017 0.003095 0.000037 0.009008 0.000091 0.000353 0.000058 0.000233 0.000083 0.000898 0.000096 
0.000002 0.000014 0.000006 0.000015 0.000021 0.000009 0.000989 0.000019 0.000094 0.000046 0.000039 0.000174 0.000000 0.000421 0.000122 0.000364 0.000000 0.005171 0.000362 0.000068 0.001418 0.000001 0.001549 0.000259 0.000000 0.000073 0.000232 0.000024 0.000002 0.000039 0.000182 0.000000 0.000005 0.000000 0.000209 0.000000 0.000165 0.000112 0.000012 0.000015 0.000156 0.002184 0.000002 0.947313 0.000000 0.000002 0.000194 0.000092 0.019474 0.005369 0.000001 0.000364 0.000085 0.000034 0.001866 0.000002 0.000762 0.007256 0.001097 0.000768 0.000286 0.000455 
0.000002 0.000007 0.000561 0.000001 0.000028 0.000241 0.000059 0.000000 0.000019 0.000019 0.001755 0.000003 0.000023 0.000007 0.000085 0.000000 0.000085 0.000000 0.006124 0.000000 0.000000 0.907491 0.000181 0.000131 0.000686 0.000003 0.000001 0.000007 0.001583 0.000003 0.000017 0.017221 0.014948 0.012602 0.000002 0.020433 0.000002 0.001490 0.000000 0.000019 0.005713 0.000001 0.000007 0.000000 0.007884 0.000001 0.000060 0.000001 0.000249 0.000026 0.000000 0.000014 0.000002 0.000192 0.000000 0.000010 0.000000 0.000000 0.000000 0.000000 0.000000 0.000000 
0.000130 0.000724 0.000277 0.004216 0.000496 0.000222 0.000182 0.000367 0.000104 0.001194 0.000221 0.000577 0.000002 0.049933 0.000007 0.000148 0.001632 0.000008 0.000072 0.035889 0.000045 0.000348 0.000333 0.000027 0.001683 0.000406 0.000011 0.000011 0.000020 0.000088 0.007960 0.000000 0.000020 0.000010 0.000063 0.000004 0.000610 0.000001 0.000001 0.000432 0.000000 0.000001 0.000214 0.002541 0.000000 0.819197 0.000005 0.000009 0.001647 0.000720 0.000046 0.000038 0.000207 0.000000 0.000097 0.000075 0.059425 0.002236 0.000815 0.000467 0.003529 0.000255 
0.000000 0.000034 0.000006 0.000000 0.004417 0.000017 0.000851 0.000001 0.000066 0.000008 0.000010 0.000123 0.000000 0.000403 0.000018 0.000887 0.000009 0.001323 0.000972 0.000023 0.000448 0.000000 0.005755 0.000183 0.000001 0.000280 0.000442 0.002674 0.000032 0.000216 0.000026 0.000001 0.000041 0.000903 0.000479 0.000000 0.001123 0.000000 0.002077 0.000012 0.000021 0.000250 0.000031 0.000173 0.000001 0.000000 0.954805 0.000255 0.000084 0.013866 0.000013 0.000005 0.000355 0.001990 0.000053 0.000076 0.000131 0.000147 0.000942 0.002776 0.000164 0.000002 
0.000004 0.000020 0.001318 0.000001 0.000046 0.000032 0.000168 0.000001 0.000017 0.000007 0.000016 0.004875 0.000050 0.002244 0.000038 0.000040 0.000111 0.007426 0.000074 0.000051 0.009233 0.000001 0.001298 0.002922 0.000001 0.000332 0.000027 0.012539 0.000007 0.000251 0.002548 0.000000 0.000040 0.000102 0.001443 0.000012 0.000584 0.000302 0.000965 0.002661 0.002777 0.000031 0.000321 0.000295 0.000004 0.000001 0.001801 0.930270 0.002257 0.000555 0.000001 0.000045 0.000214 0.000093 0.000613 0.000002 0.007443 0.000975 0.000041 0.000081 0.000041 0.000327 
0.000009 0.000043 0.000655 0.000007 0.000185 0.000081 0.000023 0.000201 0.000048 0.000145 0.000037 0.000142 0.000003 0.000226 0.000020 0.000173 0.000043 0.000127 0.000507 0.000061 0.001459 0.000028 0.002475 0.000238 0.000007 0.000273 0.000207 0.001100 0.000006 0.000130 0.001783 0.001261 0.000001 0.000003 0.000352 0.000030 0.000154 0.000083 0.000047 0.000261 0.000034 0.000085 0.000049 0.003344 0.000000 0.000044 0.000087 0.000355 0.856276 0.000676 0.000000 0.000267 0.000635 0.000066 0.000197 0.000005 0.000124 0.124583 0.000018 0.000128 0.000250 0.000142 
0.000032 0.001457 0.000012 0.000003 0.000132 0.000116 0.000457 0.000002 0.000009 0.000040 0.000037 0.000092 0.000000 0.000257 0.000002 0.000016 0.000001 0.010424 0.001490 0.000148 0.000420 0.000062 0.004563 0.001992 0.000000 0.000125 0.000714 0.000087 0.000010 0.000061 0.000528 0.000000 0.000022 0.001029 0.000417 0.000000 0.000264 0.000002 0.000018 0.000103 0.000011 0.000022 0.000309 0.002140 0.000000 0.000000 0.000654 0.000122 0.004207 0.947673 0.000013 0.000003 0.000294 0.000215 0.000379 0.000005 0.000206 0.000018 0.000027 0.012430 0.006127 0.000001 
------------------------O
0.000073 0.001596 0.000938 0.001869 0.002916 0.000195 0.000962 0.000787 0.000088 0.006102 0.000268 0.000964 0.000670 0.000648 0.002389 0.000396 0.000512 0.000012 0.000417 0.007662 0.000166 0.000100 0.002058 0.000162 0.830101 0.001525 0.000097 0.000156 0.000075 0.007014 0.000100 0.000078 0.000005 0.000191 0.000193 0.000003 0.000750 0.000008 0.000014 0.006468 0.000000 0.000009 0.003392 0.000020 0.000001 0.007059 0.000176 0.000168 0.000539 0.000074 0.077977 0.000063 0.023762 0.000461 0.000105 0.000141 0.001824 0.000281 0.002007 0.001936 0.000970 0.000311 
0.000006 0.000000 0.001380 0.000021 0.000063 0.000004 0.000007 0.007628 0.000109 0.002932 0.000083 0.000012 0.000007 0.000018 0.002710 0.000140 0.000126 0.000005 0.000201 0.000001 0.000172 0.000118 0.000966 0.000111 0.000003 0.006802 0.000140 0.003239 0.000030 0.000079 0.000003 0.000203 0.001671 0.000003 0.000784 0.000000 0.000034 0.000770 0.000075 0.000324 0.000164 0.013748 0.000001 0.013114 0.000000 0.000015 0.000284 0.000015 0.000345 0.000045 0.000001 0.929170 0.000054 0.007983 0.000156 0.000509 0.000475 0.000091 0.000113 0.000115 0.000012 0.002611 
0.000059 0.007439 0.000665 0.000367 0.001762 0.000020 0.000058 0.001486 0.000006 0.006164 0.010804 0.000004 0.000049 0.000129 0.001673 0.000091 0.000001 0.000102 0.001803 0.000370 0.000420 0.000012 0.001419 0.000280 0.348711 0.000624 0.001451 0.000008 0.000002 0.003556 0.004274 0.000020 0.000029 0.000074 0.000004 0.000000 0.001109 0.000000 0.000143 0.000119 0.000000 0.000002 0.001225 0.000095 0.000000 0.000642 0.000239 0.000015 0.000549 0.000044 0.000033 0.000002 0.596557 0.001393 0.000022 0.000025 0.000013 0.000456 0.000562 0.002131 0.000673 0.000012 
0.000003 0.000002 0.000700 0.000119 0.000474 0.000003 0.000048 0.001869 0.000112 0.000275 0.004839 0.000008 0.000011 0.000047 0.011860 0.000030 0.000010 0.000062 0.001750 0.000001 0.001891 0.000162 0.000158 0.002956 0.000012 0.000137 0.002111 0.000090 0.000056 0.000201 0.000039 0.000092 0.000160 0.000137 0.000131 0.000018 0.000154 0.004672 0.000034 0.000106 0.000740 0.003800 0.000004 0.009961 0.000001 0.000000 0.001551 0.000113 0.000278 0.000230 0.000001 0.003093 0.000294 0.940716 0.000029 0.000019 0.000002 0.000025 0.000034 0.003537 0.000012 0.000022 
0.000124 0.000617 0.000336 0.045332 0.000145 0.000561 0.001807 0.000010 0.040916 0.001925 0.000604 0.001690 0.002570 0.000168 0.001751 0.000071 0.001691 0.000029 0.004931 0.000911 0.000026 0.000014 0.005099 0.000585 0.000695 0.000059 0.000123 0.000007 0.106996 0.001516 0.000065 0.001760 0.000039 0.001022 0.000112 0.000071 0.000244 0.001730 0.000001 0.000088 0.000504 0.000264 0.020151 0.000926 0.000000 0.000268 0.000236 0.000147 0.000630 0.000375 0.000046 0.000104 0.000102 0.000027 0.747735 0.000166 0.000221 0.000070 0.000250 0.000017 0.001272 0.000047 
0.000000 0.000760 0.000020 0.000090 0.001074 0.006984 0.000105 0.025592 0.000012 0.000334 0.000054 0.000024 0.000065 0.000025 0.000013 0.008328 0.000464 0.000001 0.001666 0.000058 0.000005 0.000132 0.020406 0.000013 0.000674 0.000642 0.000350 0.001554 0.000041 0.000515 0.000018 0.006960 0.000556 0.000026 0.000035 0.000010 0.000155 0.000000 0.000504 0.000126 0.000007 0.007664 0.000032 0.000008 0.000836 0.001271 0.005718 0.000001 0.000005 0.000232 0.000009 0.000130 0.000692 0.000149 0.000023 0.890250 0.001186 0.000010 0.003601 0.000662 0.008776 0.000348 
0.000429 0.000061 0.000015 0.000040 0.000233 0.000131 0.000913 0.000239 0.000040 0.000271 0.000002 0.019287 0.000002 0.005398 0.000016 0.000321 0.001015 0.000125 0.000027 0.002867 0.001402 0.000018 0.002798 0.000011 0.000033 0.000617 0.000013 0.000635 0.000003 0.000127 0.002987 0.000000 0.000069 0.000004 0.000733 0.000001 0.000093 0.000013 0.000124 0.006722 0.000003 0.000083 0.000311 0.003506 0.000000 0.001238 0.000116 0.001241 0.001165 0.004556 0.000222 0.000179 0.000177 0.000002 0.000524 0.000319 0.911033 0.011232 0.009873 0.000509 0.004329 0.001546 
0.000001 0.000057 0.000774 0.000100 0.002993 0.000166 0.000028 0.007590 0.000394 0.001911 0.000079 0.000804 0.000149 0.000456 0.000153 0.002155 0.000723 0.000044 0.001083 0.001190 0.006551 0.000003 0.000296 0.000023 0.000507 0.002195 0.000984 0.000330 0.000016 0.002598 0.001496 0.006586 0.000172 0.000004 0.000257 0.000003 0.000926 0.000016 0.000312 0.000125 0.000005 0.000362 0.000105 0.003725 0.000000 0.000665 0.000330 0.000100 0.000271 0.000286 0.000001 0.000456 0.001716 0.000102 0.000430 0.000133 0.001472 0.942489 0.001416 0.000829 0.000555 0.000304 
0.000003 0.000423 0.000042 0.000077 0.003936 0.000245 0.000584 0.003851 0.000106 0.000831 0.000051 0.000789 0.000004 0.001180 0.000025 0.010729 0.000127 0.001272 0.000375 0.002350 0.003136 0.000078 0.000062 0.000062 0.000063 0.002720 0.000778 0.000404 0.000004 0.002476 0.000060 0.000000 0.001211 0.000108 0.000509 0.000000 0.021454 0.000001 0.000798 0.000270 0.000002 0.001773 0.000083 0.001680 0.000000 0.001490 0.001647 0.000255 0.000040 0.000876 0.000051 0.000073 0.005545 0.000115 0.000454 0.001066 0.003466 0.001291 0.907256 0.010376 0.000304 0.000962 
0.000000 0.001261 0.000076 0.000205 0.002857 0.000153 0.000281 0.000971 0.000004 0.000461 0.000039 0.000467 0.000002 0.000803 0.000044 0.000753 0.000014 0.001569 0.000933 0.002193 0.003705 0.000018 0.000061 0.000631 0.000021 0.001613 0.001534 0.000181 0.000015 0.002392 0.000094 0.000005 0.000082 0.010220 0.004205 0.000008 0.013587 0.000000 0.000298 0.000087 0.000000 0.000075 0.000167 0.000140 0.000000 0.000147 0.001462 0.000030 0.000261 0.004996 0.000289 0.000007 0.001593 0.000942 0.000062 0.000021 0.000041 0.000015 0.000085 0.936068 0.001395 0.000359 
0.000000 0.004989 0.000014 0.001312 0.005226 0.000122 0.000307 0.001890 0.000509 0.001091 0.000048 0.001384 0.000004 0.000587 0.000512 0.001065 0.000066 0.000039 0.001159 0.000791 0.001625 0.000015 0.005041 0.000007 0.000245 0.000367 0.000183 0.000072 0.000031 0.004045 0.000146 0.003827 0.000004 0.000533 0.015256 0.000002 0.000116 0.000001 0.001848 0.000046 0.000002 0.000396 0.000051 0.000164 0.000000 0.000596 0.000373 0.000004 0.005880 0.001499 0.000047 0.000042 0.001652 0.000028 0.000112 0.002070 0.001664 0.000107 0.000172 0.000563 0.930000 0.000050 
0.000000 0.000102 0.014924 0.002455 0.000038 0.001544 0.000024 0.004009 0.000010 0.000118 0.000547 0.000013 0.005785 0.000334 0.000199 0.000663 0.006829 0.000002 0.000773 0.000047 0.000051 0.000179 0.000336 0.001829 0.000681 0.000151 0.000124 0.003576 0.002117 0.000211 0.000135 0.000343 0.000335 0.020765 0.000069 0.740097 0.001111 0.000070 0.000019 0.000230 0.007691 0.000151 0.000053 0.000110 0.000656 0.005101 0.000086 0.001040 0.002903 0.000002 0.000000 0.000256 0.000145 0.000603 0.000043 0.000247 0.000046 0.000001 0.000004 0.000291 0.000017 0.169712 
------------------------a
0.000085 0.000331 0.003855 0.029595 0.000178 0.000012 0.000426 0.000009 0.040034 0.002987 0.868753 0.000008 0.000015 0.001663 0.008968 0.000005 0.000264 0.000025 0.000310 0.000163 0.000021 0.001601 0.001341 0.004225 0.014350 0.000159 0.000038 0.000001 0.000675 0.000166 0.005197 0.000080 0.000290 0.000146 0.000010 0.000210 0.000200 0.001087 0.000000 0.000055 0.000355 0.000008 0.000125 0.006890 0.000000 0.001273 0.000041 0.000006 0.001764 0.000096 0.000002 0.000152 0.001087 0.000470 0.000023 0.000004 0.000002 0.000005 0.000004 0.000007 0.000149 0.000000 
0.000006 0.000002 0.000002 0.000009 0.000195 0.002973 0.001226 0.000001 0.000085 0.000065 0.000001 0.905017 0.000000 0.003244 0.000008 0.000341 0.000014 0.019916 0.000136 0.009089 0.003687 0.000021 0.000540 0.000075 0.000010 0.000142 0.000001 0.000066 0.000001 0.000142 0.000244 0.000000 0.000026 0.000010 0.004608 0.000000 0.000271 0.001394 0.000001 0.013464 0.000002 0.000282 0.000290 0.000195 0.000000 0.000008 0.000210 0.006086 0.000657 0.001633 0.000108 0.000025 0.000012 0.000005 0.001286 0.000005 0.020644 0.001006 0.000112 0.000119 0.000253 0.000028 
0.000205 0.000644 0.001276 0.000440 0.003697 0.000046 0.001969 0.000469 0.000306 0.000266 0.000664 0.000156 0.109909 0.000418 0.007878 0.000232 0.007044 0.000007 0.000263 0.000104 0.000101 0.000007 0.002097 0.001505 0.819158 0.000319 0.000511 0.002014 0.001587 0.005637 0.000510 0.000651 0.000234 0.000741 0.000077 0.000123 0.000419 0.000057 0.001418 0.001136 0.000011 0.000026 0.011028 0.000016 0.000004 0.000538 0.000873 0.001850 0.000187 0.000085 0.000409 0.000062 0.005631 0.001416 0.000120 0.000327 0.001930 0.000102 0.000057 0.000475 0.000504 0.000052 
0.000076 0.000123 0.000033 0.000008 0.002952 0.000065 0.002581 0.000005 0.002493 0.000022 0.000074 0.000912 0.000000 0.923644 0.000073 0.001511 0.000007 0.001978 0.002619 0.018008 0.000214 0.004928 0.000309 0.000025 0.000135 0.000036 0.000024 0.000003 0.000000 0.001050 0.003817 0.000000 0.000018 0.000010 0.000037 0.000001 0.000734 0.000001 0.000018 0.000014 0.000008 0.000002 0.000851 0.004067 0.000000 0.003399 0.000071 0.000094 0.003270 0.003168 0.000301 0.000036 0.000121 0.000000 0.000028 0.000005 0.011997 0.001823 0.000351 0.000179 0.001656 0.000015 
0.000074 0.000039 0.000421 0.000593 0.000376 0.000002 0.013426 0.000024 0.003484 0.001828 0.002290 0.000390 0.000026 0.000164 0.684109 0.000101 0.000054 0.000003 0.002118 0.000053 0.000155 0.000332 0.000284 0.000022 0.273473 0.000056 0.000034 0.000003 0.002894 0.002691 0.000026 0.000896 0.000042 0.000129 0.000083 0.000003 0.000022 0.000397 0.000117 0.000017 0.000355 0.000168 0.000014 0.002857 0.000000 0.000037 0.000218 0.000016 0.000050 0.000012 0.000795 0.001681 0.000808 0.000995 0.000015 0.000019 0.000141 0.000007 0.000128 0.000023 0.000404 0.000004 
0.000000 0.000004 0.000021 0.000001 0.001439 0.000292 0.001351 0.000305 0.000154 0.000078 0.000009 0.000068 0.000076 0.000054 0.000074 0.905392 0.000145 0.000001 0.006520 0.000146 0.000004 0.000013 0.000162 0.000003 0.002449 0.000294 0.000019 0.006882 0.000066 0.054662 0.000000 0.001404 0.000198 0.000023 0.002601 0.000002 0.001117 0.000000 0.001034 0.000001 0.000006 0.001109 0.000010 0.000000 0.000222 0.000181 0.002286 0.000002 0.000007 0.000020 0.000009 0.000033 0.000099 0.000003 0.000003 0.007925 0.000018 0.000020 0.000149 0.000798 0.000033 0.000004 
0.001184 0.000400 0.001281 0.000671 0.000183 0.002809 0.000379 0.000196 0.000050 0.016401 0.000037 0.000130 0.000576 0.000076 0.000003 0.000017 0.881726 0.000003 0.000326 0.001203 0.000076 0.000390 0.001797 0.000173 0.000157 0.013559 0.042542 0.000130 0.000572 0.000113 0.000243 0.000535 0.000475 0.000419 0.000032 0.000008 0.000744 0.000034 0.000004 0.001302 0.000004 0.000029 0.008380 0.000144 0.000000 0.003653 0.000171 0.000027 0.001069 0.001940 0.000524 0.000058 0.000176 0.000073 0.002038 0.001384 0.008642 0.000046 0.000322 0.000062 0.000143 0.000162 
0.000006 0.000019 0.000005 0.000001 0.000065 0.000484 0.000157 0.000000 0.000028 0.000017 0.000014 0.007460 0.000000 0.001058 0.000002 0.000132 0.000000 0.934274 0.000281 0.000899 0.002456 0.000011 0.000696 0.013299 0.000000 0.000216 0.000127 0.000009 0.000000 0.000110 0.001942 0.000000 0.000016 0.000002 0.000294 0.000000 0.002171 0.000450 0.000001 0.001006 0.000003 0.000035 0.000180 0.008564 0.000000 0.000000 0.000554 0.003843 0.009694 0.005453 0.000001 0.000004 0.000225 0.000057 0.001634 0.000000 0.000026 0.001658 0.000014 0.000327 0.000015 0.000006 
0.000000 0.000000 0.000033 0.000000 0.000008 0.000998 0.000463 0.000000 0.000052 0.000010 0.000312 0.000071 0.000000 0.000137 0.000323 0.000018 0.000002 0.000002 0.572278 0.000005 0.000007 0.412700 0.000006 0.000001 0.000011 0.000002 0.000002 0.000000 0.000086 0.000001 0.000014 0.001337 0.000746 0.000767 0.000002 0.000181 0.000005 0.000825 0.000000 0.000000 0.008158 0.000043 0.000160 0.000003 0.000004 0.000000 0.000057 0.000001 0.000121 0.000009 0.000000 0.000003 0.000004 0.000028 0.000000 0.000001 0.000000 0.000000 0.000000 0.000000 0.000000 0.000000 
0.000001 0.018563 0.000107 0.009325 0.002214 0.003437 0.000221 0.000078 0.000036 0.003301 0.000444 0.000150 0.000000 0.001415 0.000011 0.000067 0.000076 0.000017 0.000490 0.935224 0.000045 0.000050 0.000026 0.000049 0.003598 0.000031 0.000049 0.000000 0.000005 0.000027 0.001930 0.000014 0.000006 0.000316 0.000015 0.000004 0.000995 0.000002 0.000000 0.000027 0.000001 0.000000 0.003027 0.000494 0.000000 0.009987 0.000003 0.000000 0.001157 0.000646 0.000013 0.000000 0.000541 0.000002 0.000112 0.000001 0.000025 0.000008 0.000092 0.000137 0.001383 0.000002 
0.000002 0.000013 0.000018 0.000005 0.000510 0.000006 0.000238 0.000012 0.000231 0.000048 0.000021 0.002000 0.000000 0.000363 0.000404 0.000070 0.000007 0.003509 0.000433 0.000011 0.953879 0.000007 0.000250 0.000053 0.000000 0.002258 0.001425 0.000027 0.000000 0.000639 0.000084 0.000002 0.000073 0.000700 0.000719 0.000001 0.001113 0.000161 0.002075 0.000112 0.000010 0.000750 0.000012 0.001614 0.000000 0.000000 0.014606 0.002556 0.000663 0.000411 0.000013 0.000030 0.001072 0.005024 0.000089 0.000004 0.000179 0.000767 0.000346 0.000153 0.000164 0.000057 
0.000002 0.000007 0.000561 0.000001 0.000028 0.000241 0.000059 0.000000 0.000019 0.000019 0.001755 0.000003 0.000023 0.000007 0.000085 0.000000 0.000085 0.000000 0.006124 0.000000 0.000000 0.907491 0.000181 0.000131 0.000686 0.000003 0.000001 0.000007 0.001583 0.000003 0.000017 0.017221 0.014948 0.012602 0.000002 0.020433 0.000002 0.001490 0.000000 0.000019 0.005713 0.000001 0.000007 0.000000 0.007884 0.000001 0.000060 0.000001 0.000249 0.000026 0.000000 0.000014 0.000002 0.000192 0.000000 0.000010 0.000000 0.000000 0.000000 0.000000 0.000000 0.000000 
------------------------m
0.000013 0.010186 0.000218 0.000050 0.000207 0.000083 0.000021 0.000068 0.000012 0.000247 0.000075 0.000009 0.000010 0.000017 0.000010 0.000074 0.000014 0.000006 0.000366 0.000011 0.000004 0.000004 0.957092 0.000299 0.000049 0.000967 0.000087 0.005222 0.000098 0.000263 0.000067 0.000011 0.000104 0.000021 0.000011 0.000008 0.000055 0.000000 0.000190 0.000331 0.000007 0.000005 0.000042 0.000033 0.000083 0.000116 0.003979 0.000019 0.000892 0.001073 0.000004 0.000086 0.002340 0.000039 0.000077 0.012593 0.000064 0.000040 0.000009 0.000118 0.001785 0.000016 
0.000306 0.001081 0.000781 0.000046 0.000031 0.000039 0.000050 0.000047 0.000005 0.000062 0.000783 0.000002 0.000012 0.000022 0.000002 0.000012 0.000003 0.002141 0.000023 0.000013 0.000013 0.000001 0.013696 0.930836 0.000027 0.006189 0.001730 0.001681 0.000002 0.000020 0.001563 0.000000 0.000189 0.000009 0.000009 0.000016 0.000472 0.000156 0.000001 0.005137 0.000004 0.000001 0.000155 0.006303 0.000002 0.000002 0.000159 0.000422 0.018355 0.004330 0.000001 0.000028 0.000772 0.001489 0.000185 0.000003 0.000010 0.000123 0.000001 0.000415 0.000006 0.000025 
0.000813 0.001099 0.000788 0.000895 0.002332 0.000109 0.001132 0.000312 0.000070 0.005074 0.000947 0.000427 0.000281 0.000373 0.003578 0.000086 0.000425 0.000009 0.000283 0.001673 0.000064 0.000264 0.002240 0.000421 0.877806 0.001641 0.000076 0.000083 0.000093 0.002354 0.000431 0.000077 0.000044 0.000120 0.000077 0.000003 0.000226 0.000020 0.000009 0.012346 0.000000 0.000003 0.003155 0.000031 0.000001 0.003703 0.000101 0.000067 0.000461 0.000098 0.046585 0.000042 0.022722 0.000660 0.000023 0.000069 0.001963 0.000076 0.000209 0.000434 0.000467 0.000031 
0.000346 0.000003 0.001939 0.000017 0.001046 0.000009 0.000009 0.006953 0.000017 0.000714 0.000054 0.000021 0.000019 0.000030 0.000011 0.000043 0.000888 0.000054 0.000061 0.000023 0.001066 0.000012 0.002656 0.000638 0.000017 0.945405 0.003188 0.010753 0.000000 0.000042 0.000034 0.000021 0.001285 0.000011 0.000296 0.000000 0.000479 0.000026 0.000085 0.005511 0.000000 0.000402 0.000020 0.000646 0.000000 0.000154 0.000692 0.000115 0.000739 0.000645 0.000032 0.003184 0.003299 0.002295 0.000054 0.000295 0.001427 0.000885 0.000119 0.000684 0.000023 0.000509 
0.000145 0.016068 0.000365 0.000082 0.000785 0.000199 0.000068 0.000776 0.000012 0.002790 0.000220 0.000000 0.000033 0.000027 0.000001 0.000028 0.001839 0.000241 0.001072 0.000141 0.000101 0.000059 0.002395 0.003712 0.000013 0.003804 0.918265 0.000011 0.000001 0.000471 0.000962 0.000054 0.000132 0.000035 0.000001 0.000000 0.002533 0.000001 0.000018 0.000020 0.000001 0.000006 0.005263 0.005994 0.000000 0.000015 0.000356 0.000004 0.006370 0.005621 0.000006 0.000003 0.015106 0.000874 0.001305 0.000172 0.000036 0.000404 0.000288 0.000451 0.000160 0.000086 
0.000003 0.000000 0.000056 0.000000 0.000051 0.000044 0.000144 0.000023 0.000006 0.000003 0.000012 0.000072 0.001802 0.000008 0.000002 0.001210 0.001301 0.000067 0.000012 0.000000 0.000026 0.000000 0.000667 0.012876 0.000024 0.007799 0.000004 0.934236 0.000221 0.000010 0.000060 0.000008 0.014561 0.000026 0.002379 0.000035 0.000126 0.000083 0.000055 0.001755 0.000082 0.006742 0.000004 0.000038 0.000001 0.000004 0.006179 0.004477 0.000075 0.000440 0.000000 0.000556 0.000010 0.000432 0.000016 0.000122 0.000824 0.000029 0.000000 0.000194 0.000001 0.000006 
0.000039 0.000450 0.000129 0.021232 0.000069 0.000587 0.002812 0.000003 0.010031 0.002814 0.001124 0.001330 0.000968 0.000038 0.002666 0.000018 0.001223 0.000014 0.008324 0.000179 0.000005 0.000035 0.002129 0.000496 0.002901 0.000020 0.000051 0.000003 0.746599 0.000542 0.000070 0.004152 0.000082 0.002128 0.000091 0.000224 0.000098 0.001868 0.000000 0.000050 0.000337 0.000261 0.014671 0.000311 0.000000 0.000136 0.000172 0.000034 0.000227 0.000233 0.000010 0.000039 0.000046 0.000046 0.166852 0.000100 0.000062 0.000006 0.000025 0.000006 0.000831 0.000003 
0.000000 0.016926 0.000472 0.000028 0.003542 0.000002 0.000447 0.000002 0.000366 0.000095 0.000007 0.000136 0.000137 0.000064 0.001436 0.009832 0.000002 0.000003 0.003565 0.000233 0.000370 0.000068 0.000331 0.000012 0.001045 0.000031 0.000231 0.000019 0.000011 0.944520 0.000000 0.000713 0.000005 0.000782 0.000040 0.000000 0.007369 0.000000 0.000799 0.000001 0.000003 0.000001 0.000044 0.000000 0.000015 0.000001 0.000540 0.000071 0.000042 0.000010 0.000015 0.000002 0.004644 0.000015 0.000013 0.000220 0.000001 0.000014 0.000256 0.000177 0.000266 0.000006 
0.000761 0.000116 0.000033 0.000013 0.000017 0.000236 0.000149 0.000033 0.000011 0.000209 0.000520 0.000429 0.000001 0.009075 0.000013 0.000028 0.000064 0.001449 0.000045 0.000281 0.000207 0.000030 0.004258 0.000215 0.000014 0.000139 0.000026 0.000062 0.000002 0.000008 0.787296 0.000000 0.001211 0.000001 0.000060 0.000051 0.000029 0.000031 0.000017 0.001817 0.000021 0.000006 0.000516 0.015649 0.000000 0.000172 0.000079 0.002063 0.002481 0.008054 0.000000 0.000020 0.000467 0.000001 0.000120 0.000022 0.156611 0.003904 0.000078 0.000072 0.000691 0.000019 
0.000000 0.000026 0.001326 0.000074 0.004435 0.000199 0.000025 0.003710 0.000943 0.002882 0.000076 0.000737 0.000183 0.000156 0.000433 0.000789 0.001605 0.000005 0.003329 0.000324 0.002759 0.000108 0.000207 0.000006 0.000723 0.001191 0.000535 0.000175 0.000049 0.001273 0.000501 0.930623 0.000071 0.000022 0.001237 0.000011 0.000169 0.000060 0.000072 0.000053 0.000020 0.000324 0.000056 0.000394 0.000000 0.000181 0.000238 0.000012 0.001675 0.000075 0.000000 0.000587 0.000718 0.000108 0.000094 0.000122 0.000269 0.032877 0.000184 0.000041 0.000904 0.000019 
0.000007 0.001500 0.000082 0.000086 0.003854 0.000245 0.000491 0.001903 0.000053 0.001266 0.000203 0.000354 0.000012 0.000366 0.000076 0.002042 0.000212 0.000267 0.000541 0.000406 0.000778 0.003136 0.000052 0.000062 0.000360 0.002278 0.000478 0.000263 0.000029 0.001144 0.000207 0.000000 0.764862 0.000253 0.000266 0.000003 0.003906 0.000002 0.000338 0.000225 0.000010 0.000448 0.000030 0.001466 0.000002 0.000574 0.002102 0.000099 0.000009 0.000785 0.000001 0.000063 0.004263 0.000132 0.000115 0.001182 0.001345 0.000156 0.191385 0.003039 0.000087 0.000101 
0.000000 0.000620 0.000129 0.000085 0.002571 0.000348 0.000142 0.000299 0.000004 0.000319 0.000027 0.000275 0.000005 0.000278 0.000042 0.000289 0.000038 0.000242 0.000915 0.000800 0.001318 0.000047 0.000082 0.000393 0.000029 0.001160 0.000437 0.000238 0.000103 0.000867 0.000043 0.000139 0.000088 0.761875 0.005558 0.000069 0.004302 0.000000 0.000127 0.000058 0.000002 0.000031 0.000159 0.000010 0.000000 0.000035 0.005018 0.000014 0.000334 0.002490 0.000139 0.000003 0.000615 0.000939 0.000015 0.000015 0.000008 0.000000 0.000026 0.205153 0.000555 0.000074 
------------------------y
0.000000 0.000034 0.000266 0.000155 0.001004 0.000120 0.000068 0.002267 0.000373 0.002100 0.000028 0.002369 0.000001 0.000192 0.000200 0.001830 0.000699 0.000030 0.000338 0.000403 0.002514 0.000032 0.000162 0.000015 0.000025 0.001290 0.000033 0.000391 0.000019 0.000428 0.000061 0.003991 0.000010 0.000032 0.941207 0.000003 0.000160 0.000034 0.000080 0.000174 0.000010 0.000772 0.000014 0.000216 0.000000 0.000462 0.000306 0.000009 0.019812 0.000414 0.000023 0.000417 0.000123 0.000191 0.000124 0.000024 0.000358 0.000166 0.000093 0.000475 0.012852 0.000002 
0.000000 0.000120 0.010865 0.002497 0.000020 0.001163 0.000016 0.002052 0.000005 0.000110 0.000963 0.000016 0.005925 0.000104 0.000411 0.000248 0.003504 0.000001 0.000640 0.000020 0.000023 0.000153 0.000524 0.002162 0.001209 0.000128 0.000044 0.002514 0.003082 0.000182 0.000236 0.000449 0.000741 0.023611 0.000040 0.879804 0.000666 0.000103 0.000012 0.000397 0.005955 0.000063 0.000032 0.000031 0.000771 0.001901 0.000128 0.001017 0.001423 0.000001 0.000000 0.000135 0.000129 0.000634 0.000015 0.000245 0.000020 0.000000 0.000001 0.000172 0.000010 0.042556 
Test: all instances = 62, correctly classified: 56
Hit rate: 90.322581 
